Fips,Name,Population,Longitude,Latitude,Km2,UrbanDensity,UrbanPercent,Emp-1133,Est-1133,Pay-1133,Emp-1141,Est-1141,Pay-1141,Emp-1142,Est-1142,Pay-1142,Emp-1151,Est-1151,Pay-1151,Emp-1152,Est-1152,Pay-1152,Emp-1153,Est-1153,Pay-1153,Emp-2111,Est-2111,Pay-2111,Emp-2121,Est-2121,Pay-2121,Emp-2123,Est-2123,Pay-2123,Emp-2131,Est-2131,Pay-2131,Emp-2211,Est-2211,Pay-2211,Emp-2212,Est-2212,Pay-2212,Emp-2213,Est-2213,Pay-2213,Emp-2361,Est-2361,Pay-2361,Emp-2362,Est-2362,Pay-2362,Emp-2371,Est-2371,Pay-2371,Emp-2372,Est-2372,Pay-2372,Emp-2373,Est-2373,Pay-2373,Emp-2379,Est-2379,Pay-2379,Emp-2381,Est-2381,Pay-2381,Emp-2382,Est-2382,Pay-2382,Emp-2383,Est-2383,Pay-2383,Emp-2389,Est-2389,Pay-2389,Emp-3111,Est-3111,Pay-3111,Emp-3112,Est-3112,Pay-3112,Emp-3113,Est-3113,Pay-3113,Emp-3114,Est-3114,Pay-3114,Emp-3116,Est-3116,Pay-3116,Emp-3118,Est-3118,Pay-3118,Emp-3119,Est-3119,Pay-3119,Emp-3121,Est-3121,Pay-3121,Emp-3149,Est-3149,Pay-3149,Emp-3169,Est-3169,Pay-3169,Emp-3211,Est-3211,Pay-3211,Emp-3212,Est-3212,Pay-3212,Emp-3219,Est-3219,Pay-3219,Emp-3231,Est-3231,Pay-3231,Emp-3241,Est-3241,Pay-3241,Emp-3253,Est-3253,Pay-3253,Emp-3254,Est-3254,Pay-3254,Emp-3256,Est-3256,Pay-3256,Emp-3261,Est-3261,Pay-3261,Emp-3262,Est-3262,Pay-3262,Emp-3271,Est-3271,Pay-3271,Emp-3273,Est-3273,Pay-3273,Emp-3279,Est-3279,Pay-3279,Emp-3315,Est-3315,Pay-3315,Emp-3322,Est-3322,Pay-3322,Emp-3323,Est-3323,Pay-3323,Emp-3327,Est-3327,Pay-3327,Emp-3328,Est-3328,Pay-3328,Emp-3329,Est-3329,Pay-3329,Emp-3331,Est-3331,Pay-3331,Emp-3333,Est-3333,Pay-3333,Emp-3345,Est-3345,Pay-3345,Emp-3359,Est-3359,Pay-3359,Emp-3363,Est-3363,Pay-3363,Emp-3364,Est-3364,Pay-3364,Emp-3371,Est-3371,Pay-3371,Emp-3372,Est-3372,Pay-3372,Emp-3391,Est-3391,Pay-3391,Emp-3399,Est-3399,Pay-3399,Emp-4231,Est-4231,Pay-4231,Emp-4232,Est-4232,Pay-4232,Emp-4233,Est-4233,Pay-4233,Emp-4234,Est-4234,Pay-4234,Emp-4235,Est-4235,Pay-4235,Emp-4236,Est-4236,Pay-4236,Emp-4237,Est-4237,Pay-4237,Emp-4238,Est-4238,Pay-4238,Emp-4239,Est-4239,Pay-4239,Emp-4241,Est-4241,Pay-4241,Emp-4242,Est-4242,Pay-4242,Emp-4243,Est-4243,Pay-4243,Emp-4244,Est-4244,Pay-4244,Emp-4245,Est-4245,Pay-4245,Emp-4246,Est-4246,Pay-4246,Emp-4247,Est-4247,Pay-4247,Emp-4248,Est-4248,Pay-4248,Emp-4249,Est-4249,Pay-4249,Emp-4251,Est-4251,Pay-4251,Emp-4411,Est-4411,Pay-4411,Emp-4412,Est-4412,Pay-4412,Emp-4413,Est-4413,Pay-4413,Emp-4421,Est-4421,Pay-4421,Emp-4422,Est-4422,Pay-4422,Emp-4431,Est-4431,Pay-4431,Emp-4441,Est-4441,Pay-4441,Emp-4442,Est-4442,Pay-4442,Emp-4451,Est-4451,Pay-4451,Emp-4452,Est-4452,Pay-4452,Emp-4453,Est-4453,Pay-4453,Emp-4461,Est-4461,Pay-4461,Emp-4471,Est-4471,Pay-4471,Emp-4481,Est-4481,Pay-4481,Emp-4482,Est-4482,Pay-4482,Emp-4483,Est-4483,Pay-4483,Emp-4511,Est-4511,Pay-4511,Emp-4512,Est-4512,Pay-4512,Emp-4522,Est-4522,Pay-4522,Emp-4523,Est-4523,Pay-4523,Emp-4531,Est-4531,Pay-4531,Emp-4532,Est-4532,Pay-4532,Emp-4533,Est-4533,Pay-4533,Emp-4539,Est-4539,Pay-4539,Emp-4541,Est-4541,Pay-4541,Emp-4542,Est-4542,Pay-4542,Emp-4543,Est-4543,Pay-4543,Emp-4811,Est-4811,Pay-4811,Emp-4812,Est-4812,Pay-4812,Emp-4841,Est-4841,Pay-4841,Emp-4842,Est-4842,Pay-4842,Emp-4853,Est-4853,Pay-4853,Emp-4854,Est-4854,Pay-4854,Emp-4859,Est-4859,Pay-4859,Emp-4861,Est-4861,Pay-4861,Emp-4862,Est-4862,Pay-4862,Emp-4871,Est-4871,Pay-4871,Emp-4881,Est-4881,Pay-4881,Emp-4882,Est-4882,Pay-4882,Emp-4884,Est-4884,Pay-4884,Emp-4885,Est-4885,Pay-4885,Emp-4921,Est-4921,Pay-4921,Emp-4922,Est-4922,Pay-4922,Emp-4931,Est-4931,Pay-4931,Emp-5111,Est-5111,Pay-5111,Emp-5112,Est-5112,Pay-5112,Emp-5121,Est-5121,Pay-5121,Emp-5122,Est-5122,Pay-5122,Emp-5151,Est-5151,Pay-5151,Emp-5173,Est-5173,Pay-5173,Emp-5182,Est-5182,Pay-5182,Emp-5191,Est-5191,Pay-5191,Emp-5221,Est-5221,Pay-5221,Emp-5222,Est-5222,Pay-5222,Emp-5223,Est-5223,Pay-5223,Emp-5231,Est-5231,Pay-5231,Emp-5239,Est-5239,Pay-5239,Emp-5241,Est-5241,Pay-5241,Emp-5242,Est-5242,Pay-5242,Emp-5311,Est-5311,Pay-5311,Emp-5312,Est-5312,Pay-5312,Emp-5313,Est-5313,Pay-5313,Emp-5321,Est-5321,Pay-5321,Emp-5322,Est-5322,Pay-5322,Emp-5323,Est-5323,Pay-5323,Emp-5324,Est-5324,Pay-5324,Emp-5331,Est-5331,Pay-5331,Emp-5411,Est-5411,Pay-5411,Emp-5412,Est-5412,Pay-5412,Emp-5413,Est-5413,Pay-5413,Emp-5414,Est-5414,Pay-5414,Emp-5415,Est-5415,Pay-5415,Emp-5416,Est-5416,Pay-5416,Emp-5417,Est-5417,Pay-5417,Emp-5418,Est-5418,Pay-5418,Emp-5419,Est-5419,Pay-5419,Emp-5511,Est-5511,Pay-5511,Emp-5611,Est-5611,Pay-5611,Emp-5613,Est-5613,Pay-5613,Emp-5614,Est-5614,Pay-5614,Emp-5615,Est-5615,Pay-5615,Emp-5616,Est-5616,Pay-5616,Emp-5617,Est-5617,Pay-5617,Emp-5619,Est-5619,Pay-5619,Emp-5621,Est-5621,Pay-5621,Emp-5622,Est-5622,Pay-5622,Emp-5629,Est-5629,Pay-5629,Emp-6111,Est-6111,Pay-6111,Emp-6113,Est-6113,Pay-6113,Emp-6114,Est-6114,Pay-6114,Emp-6115,Est-6115,Pay-6115,Emp-6116,Est-6116,Pay-6116,Emp-6117,Est-6117,Pay-6117,Emp-6211,Est-6211,Pay-6211,Emp-6212,Est-6212,Pay-6212,Emp-6213,Est-6213,Pay-6213,Emp-6214,Est-6214,Pay-6214,Emp-6215,Est-6215,Pay-6215,Emp-6216,Est-6216,Pay-6216,Emp-6219,Est-6219,Pay-6219,Emp-6221,Est-6221,Pay-6221,Emp-6231,Est-6231,Pay-6231,Emp-6232,Est-6232,Pay-6232,Emp-6233,Est-6233,Pay-6233,Emp-6239,Est-6239,Pay-6239,Emp-6241,Est-6241,Pay-6241,Emp-6242,Est-6242,Pay-6242,Emp-6243,Est-6243,Pay-6243,Emp-6244,Est-6244,Pay-6244,Emp-7111,Est-7111,Pay-7111,Emp-7112,Est-7112,Pay-7112,Emp-7113,Est-7113,Pay-7113,Emp-7115,Est-7115,Pay-7115,Emp-7121,Est-7121,Pay-7121,Emp-7131,Est-7131,Pay-7131,Emp-7132,Est-7132,Pay-7132,Emp-7139,Est-7139,Pay-7139,Emp-7211,Est-7211,Pay-7211,Emp-7212,Est-7212,Pay-7212,Emp-7213,Est-7213,Pay-7213,Emp-7223,Est-7223,Pay-7223,Emp-7224,Est-7224,Pay-7224,Emp-7225,Est-7225,Pay-7225,Emp-8111,Est-8111,Pay-8111,Emp-8112,Est-8112,Pay-8112,Emp-8113,Est-8113,Pay-8113,Emp-8114,Est-8114,Pay-8114,Emp-8121,Est-8121,Pay-8121,Emp-8122,Est-8122,Pay-8122,Emp-8123,Est-8123,Pay-8123,Emp-8129,Est-8129,Pay-8129,Emp-8131,Est-8131,Pay-8131,Emp-8132,Est-8132,Pay-8132,Emp-8133,Est-8133,Pay-8133,Emp-8134,Est-8134,Pay-8134,Emp-8139,Est-8139,Pay-8139
30001,Beaverhead County,9,-112.95,45.17,14433.13,0.0,0.0,,,,,,,,,,,,,,,,,,,,,,,,,,,,,,,23.0,3.0,1852.0,,,,,,,42.0,16.0,1015.0,,,,,,,,,,,,,,,,15.0,6.0,506.0,41.0,12.0,1493.0,11.0,10.0,286.0,45.0,11.0,1998.0,,,,,,,,,,,,,14.0,4.0,475.0,,,,,,,,,,,,,,,,,,,,,,,,,,,,,,,,,,,,,,,,,,,,,,,,,,,,,,,,,,,,,,,,,,,,,,,,,,,,,,,,,,,,,,,,,,,,,,,,,,,,,,,,,,,,,,,,,,,,,,,,,,,,28.0,5.0,1214.0,,,,,,,,,,,,,,,,108.0,3.0,1297.0,,,,,,,,,,7.0,4.0,706.0,,,,,,,,,,37.0,5.0,1173.0,,,,,,,,,,,,,,,,104.0,3.0,3063.0,,,,,,,,,,104.0,6.0,2064.0,37.0,3.0,2001.0,,,,,,,,,,,,,,,,,,,,,,,,,,,,9.0,3.0,84.0,,,,,,,,,,,,,,,,8.0,5.0,342.0,3.0,3.0,129.0,,,,,,,,,,,,,,,,,,,,,,,,,,,,,,,,,,,,,,,,,,,,,,,,,,,,,,,17.0,6.0,1191.0,,,,,,,57.0,6.0,3107.0,,,,,,,,,,14.0,5.0,1601.0,,,,30.0,10.0,1653.0,16.0,7.0,194.0,8.0,6.0,330.0,,,,,,,,,,,,,,,,,,,11.0,9.0,527.0,26.0,7.0,623.0,2.0,4.0,39.0,,,,,,,6.0,4.0,661.0,,,,,,,26.0,4.0,680.0,,,,,,,,,,,,,,,,,,,6.0,8.0,233.0,,,,,,,,,,,,,,,,,,,,,,,,,,,,,,,,,,12.0,3.0,768.0,20.0,6.0,625.0,20.0,4.0,1308.0,,,,,,,,,,,,,,,,,,,,,,,,,31.0,6.0,555.0,,,,,,,32.0,6.0,276.0,,,,,,,,,,,,,,,,,,,,,,33.0,12.0,798.0,102.0,11.0,1864.0,13.0,4.0,375.0,,,,,,,46.0,10.0,242.0,283.0,24.0,3997.0,26.0,9.0,622.0,,,,,,,,,,,,,,,,,,,,,,26.0,8.0,337.0,,,,11.0,6.0,351.0,,,,,,
30003,Big Horn County,13,-107.52,45.46,12989.89,0.0,0.3,,,,,,,,,,,,,,,,,,,,,,303.0,3.0,20068.0,,,,,,,18.0,3.0,1481.0,,,,,,,4.0,3.0,103.0,,,,,,,,,,,,,,,,,,,10.0,7.0,258.0,,,,4.0,3.0,239.0,,,,,,,,,,,,,,,,,,,,,,,,,,,,,,,,,,,,,,,,,,,,,,,,,,,,,,,,,,,,,,,,,,,,,,,,,,,,,,,,,,,,,,,,,,,,,,,,,,,,,,,,,,,,,,,,,,,,,,,,,,,,,,,,,,,,,,,,,,,,,,,,,,,,,,,,,,,,,,,,,,,,,,,,,16.0,3.0,615.0,,,,,,,,,,,,,,,,,,,,,,10.0,3.0,212.0,,,,81.0,6.0,1480.0,,,,,,,,,,101.0,14.0,2232.0,,,,,,,,,,,,,,,,,,,,,,,,,,,,,,,,,,,,,,,,,,,,,,,,,11.0,3.0,849.0,30.0,5.0,1420.0,,,,,,,,,,,,,,,,,,,,,,,,,,,,,,,,,,,,,8.0,3.0,395.0,,,,,,,,,,,,,,,,,,,,,,,,,,,,,,,,,,,,,,,,,,,28.0,5.0,1336.0,7.0,4.0,186.0,,,,,,,,,,,,,,,,,,,,,,4.0,4.0,170.0,5.0,4.0,174.0,11.0,3.0,478.0,,,,,,,,,,,,,,,,,,,,,,,,,,,,,,,,,,,,,9.0,4.0,137.0,,,,,,,,,,,,,,,,,,,,,,,,,,,,,,,,,,,,,5.0,3.0,126.0,,,,,,,,,,,,,,,,,,,,,,,,,,,,42.0,4.0,785.0,,,,,,,,,,,,,,,,,,,,,,,,,,,,36.0,5.0,580.0,4.0,5.0,355.0,30.0,3.0,408.0,7.0,6.0,549.0,,,,,,,,,,138.0,8.0,2495.0,,,,,,,,,,,,,,,,,,,,,,,,,19.0,10.0,230.0,,,,,,,,,,,,
30005,Blaine County,7,-99.98,41.92,10978.2,0.0,0.08,,,,,,,,,,,,,,,,,,,,,,,,,,,,,,,,,,,,,,,,6.0,5.0,114.0,,,,,,,,,,,,,,,,,,,,,,,,,16.0,6.0,918.0,,,,,,,,,,,,,,,,,,,,,,,,,,,,,,,,,,,,,,,,,,,,,,,,,,,,,,,,,,,,,,,,,,,,,,,,,,,,,,,,,,,,,,,,,,,,,,,,,,,,,,,,,,,,,,,,,,,,,,,,,,,,,,,,,,,,,,,,,,,,,,,,,,,,,,,,,,,,,24.0,4.0,875.0,,,,24.0,5.0,1108.0,,,,,,,,,,,,,,,,12.0,3.0,176.0,,,,,,,,,,13.0,3.0,437.0,,,,72.0,6.0,1477.0,,,,,,,,,,70.0,3.0,1201.0,,,,,,,,,,,,,,,,,,,,,,,,,,,,,,,,,,,,,,,,,,,,,,,,,,,,,,,,,,,,,,,,,,,,,,,,,,,,,,,,,,,,,,,,,,,,,,,,,,,,,,,,,,,,,,,,,,,,,,26.0,3.0,1291.0,,,,,,,,,,,,,,,,12.0,3.0,845.0,,,,,,,,,,,,,,,,,,,,,,,,,3.0,3.0,147.0,,,,,,,,,,,,,,,,,,,,,,16.0,3.0,596.0,,,,,,,,,,,,,,,,,,,,,,,,,,,,,,,,,,,,,,,,,,,,,,,,,,,,,,,,,,,,,,,,,,,,,,,,,,,,,,,,,,,,,,,,,,,,,,,,,20.0,5.0,481.0,,,,,,,,,,,,,,,,,,,,,,,,,,,,,,,,,,,,,8.0,3.0,87.0,18.0,5.0,208.0,14.0,3.0,449.0,,,,,,,,,,,,,,,,,,,,,,10.0,6.0,189.0,,,,,,,,,,,,
30007,Broadwater County,6,-111.5,46.33,3206.68,0.0,0.0,,,,,,,,,,,,,,,,,,,,,,,,,,,,,,,,,,,,,,,,9.0,10.0,441.0,,,,,,,,,,,,,,,,22.0,7.0,1071.0,12.0,7.0,681.0,23.0,7.0,455.0,9.0,5.0,543.0,,,,,,,,,,,,,,,,,,,,,,,,,,,,,,,,,,,,,,,,,,,,,,,,,,,,,,,,,,,,,,,,,,,,,,,,,,,,,,,,,,,,,,,,,,,,,,,,,,,,,,,,,,,,,,,,,,,,,,,,,,,,,,,,,,,,,,,,,,,,,,,,,,,,,,,,,,,,,1.0,3.0,132.0,,,,,,,,,,,,,,,,,,,,,,14.0,4.0,452.0,,,,,,,,,,,,,,,,,,,,,,,,,,,,68.0,3.0,1608.0,,,,,,,,,,,,,,,,,,,,,,,,,,,,,,,,,,,,,,,,18.0,4.0,813.0,,,,,,,26.0,9.0,1031.0,30.0,7.0,1628.0,,,,,,,,,,,,,,,,,,,,,,,,,,,,,,,,,,,,,,,,,,,,,,,,,,,,,,,,,,,,,,,,,,,,,,,,,,,,,,,,,,,,,,,,,,,,,,,,,,,,,,,,,,,,,,,,,,,,,,,,,,,,6.0,3.0,208.0,,,,,,,,,,,,,,,,,,,,,,,,,,,,6.0,3.0,122.0,,,,,,,,,,,,,,,,,,,,,,,,,,,,,,,,,,,,,,,,,,,,,,,,,,,,,,,,,,,,,,,,,,,,,,,,,,,,,,,,,,,,,,,,5.0,3.0,70.0,,,,,,,26.0,3.0,521.0,3.0,4.0,89.0,,,,3.0,3.0,209.0,,,,,,,66.0,6.0,679.0,73.0,9.0,974.0,29.0,10.0,818.0,,,,,,,,,,,,,,,,,,,,,,14.0,4.0,193.0,,,,,,,,,,,,
30009,Carbon County,11,-75.72,40.89,5340.82,0.0,0.0,,,,,,,,,,,,,35.0,6.0,1146.0,,,,,,,,,,,,,17.0,4.0,699.0,29.0,5.0,2607.0,,,,2.0,3.0,55.0,51.0,32.0,1491.0,,,,13.0,4.0,1099.0,,,,,,,,,,18.0,11.0,975.0,49.0,17.0,2603.0,15.0,10.0,503.0,22.0,10.0,1208.0,,,,,,,,,,,,,,,,,,,,,,,,,,,,,,,,,,,,,,,,,,,,,,,,,,,,,,,,,,,,,,,,,,,,,,,,,,,,,,,,,,,,,,,,,,,,,,,,,,,,,,,,,,,,,,,,,,,,,,,,,,,,,,,,,,,,,,,,,,,,,,14.0,5.0,647.0,,,,,,,,,,,,,,,,,,,,,,,,,21.0,4.0,551.0,,,,,,,,,,,,,,,,17.0,3.0,341.0,,,,14.0,3.0,1054.0,,,,57.0,7.0,1838.0,,,,,,,,,,36.0,6.0,859.0,14.0,5.0,240.0,,,,,,,,,,,,,,,,,,,,,,2.0,3.0,31.0,,,,7.0,3.0,249.0,,,,,,,,,,,,,,,,27.0,7.0,971.0,69.0,6.0,2954.0,,,,,,,,,,,,,,,,,,,,,,,,,,,,,,,,,,,,,,,,,,,,,,,,,,,,,,,,,,,,,,,,46.0,5.0,2508.0,,,,,,,,,,,,,,,,12.0,5.0,560.0,7.0,7.0,179.0,9.0,6.0,551.0,9.0,6.0,236.0,,,,,,,,,,,,,,,,10.0,7.0,438.0,9.0,3.0,319.0,8.0,5.0,257.0,,,,,,,55.0,7.0,2828.0,,,,,,,25.0,6.0,799.0,,,,3.0,3.0,662.0,,,,,,,,,,,,,15.0,11.0,528.0,,,,,,,,,,,,,,,,,,,,,,,,,14.0,3.0,202.0,,,,,,,,,,5.0,5.0,133.0,,,,,,,,,,,,,,,,,,,20.0,3.0,714.0,,,,,,,46.0,4.0,694.0,33.0,6.0,211.0,,,,,,,,,,,,,,,,,,,,,,,,,,,,277.0,11.0,3051.0,134.0,12.0,2365.0,5.0,4.0,172.0,,,,,,,29.0,10.0,399.0,354.0,37.0,6285.0,13.0,6.0,499.0,,,,,,,,,,,,,,,,,,,,,,25.0,10.0,384.0,,,,8.0,3.0,237.0,11.0,4.0,245.0,,,
30011,Carter County,1,-97.28,34.23,8671.32,0.0,0.0,,,,,,,,,,,,,,,,,,,,,,,,,,,,,,,,,,,,,,,,,,,,,,,,,,,,,,,,,,,,,,,,,,,,,,,,,,,,,,,,,,,,,,,,,,,,,,,,,,,,,,,,,,,,,,,,,,,,,,,,,,,,,,,,,,,,,,,,,,,,,,,,,,,,,,,,,,,,,,,,,,,,,,,,,,,,,,,,,,,,,,,,,,,,,,,,,,,,,,,,,,,,,,,,,,,,,,,,,,,,,,,,,,,,,,,,,,,,,,,,,,,,,,,,,,,,,,,,,,,,,,,,,,,,,,,,,,,,,,,,15.0,3.0,476.0,,,,,,,,,,,,,,,,,,,,,,,,,,,,,,,,,,,,,,,,,,,,,,,,,,,,,,,,,,,,,,,,,,,,,,,,,,,,,,,,,,,,,,,,,,,,,,,,,,,,,,,,,,,,,,,,,,,,,,,,,,,,,,,,,,,,,,,,,,,,,,,,,,,,,,,,,,,,,,,,,,,,,,,,,,,,,,,,,,,,,,,,,,,,,,,,,,,,,,,,,,,,,,,,,,,,,,,,,,,,,,,,,,,,,,,,,,,,,,,,,,,,,,,,,,,,,,,,,,,,,,,,,,,,,,,,,,,,,,,,,,,,,,,,,,,,,,,,,,,,,,,,,,,,,,,,,,,,,,,,,,,,,,,,,,,,,,,,,,,,,,,,,,,,,,,,,,,,,,,,,,,,,,,,,
30013,Cascade County,82,-111.33,47.33,7022.84,0.01,0.06,,,,,,,,,,,,,,,,,,,,,,,,,18.0,3.0,679.0,,,,150.0,10.0,12363.0,,,,,,,105.0,64.0,4866.0,263.0,19.0,16934.0,53.0,9.0,3373.0,,,,17.0,5.0,1621.0,,,,505.0,47.0,39864.0,640.0,65.0,43028.0,189.0,39.0,8424.0,309.0,33.0,19167.0,,,,142.0,4.0,9751.0,,,,,,,11.0,3.0,413.0,141.0,3.0,6051.0,,,,17.0,4.0,360.0,,,,,,,,,,,,,,,,98.0,6.0,4200.0,,,,,,,,,,,,,,,,,,,,,,118.0,4.0,8182.0,,,,,,,,,,224.0,4.0,8956.0,10.0,4.0,376.0,,,,,,,,,,,,,,,,,,,,,,,,,12.0,4.0,614.0,,,,12.0,3.0,473.0,45.0,5.0,1578.0,52.0,6.0,2698.0,,,,92.0,5.0,4320.0,29.0,5.0,1079.0,64.0,4.0,3267.0,25.0,3.0,1384.0,48.0,10.0,3144.0,331.0,25.0,16875.0,76.0,8.0,4420.0,22.0,5.0,905.0,11.0,3.0,298.0,,,,111.0,6.0,4975.0,79.0,5.0,3662.0,,,,,,,,,,78.0,11.0,4367.0,,,,403.0,21.0,20692.0,126.0,12.0,5085.0,187.0,27.0,7311.0,88.0,12.0,3850.0,84.0,12.0,2252.0,47.0,10.0,1718.0,493.0,27.0,17168.0,227.0,6.0,6141.0,577.0,15.0,16335.0,39.0,8.0,876.0,24.0,6.0,473.0,224.0,26.0,7987.0,365.0,31.0,7726.0,213.0,23.0,3009.0,35.0,6.0,613.0,25.0,4.0,480.0,281.0,20.0,6168.0,,,,,,,943.0,8.0,24406.0,13.0,5.0,221.0,50.0,9.0,671.0,81.0,7.0,1421.0,110.0,20.0,3248.0,26.0,9.0,1214.0,,,,94.0,14.0,3368.0,63.0,3.0,666.0,,,,175.0,18.0,9466.0,216.0,26.0,8883.0,,,,,,,,,,,,,,,,,,,165.0,5.0,4025.0,,,,31.0,4.0,1251.0,,,,217.0,7.0,8697.0,,,,27.0,4.0,957.0,57.0,6.0,2077.0,,,,56.0,3.0,569.0,,,,112.0,5.0,4628.0,114.0,12.0,6466.0,,,,,,,465.0,35.0,25315.0,92.0,15.0,6674.0,,,,68.0,9.0,10983.0,84.0,24.0,10496.0,190.0,14.0,9278.0,544.0,68.0,27662.0,156.0,52.0,5268.0,50.0,29.0,1828.0,65.0,26.0,2188.0,65.0,9.0,1061.0,21.0,5.0,958.0,18.0,3.0,894.0,21.0,7.0,2265.0,,,,276.0,71.0,23822.0,224.0,35.0,10623.0,353.0,30.0,23295.0,6.0,4.0,203.0,45.0,18.0,1846.0,66.0,17.0,3005.0,,,,22.0,4.0,1164.0,170.0,19.0,5649.0,442.0,12.0,41133.0,36.0,10.0,2504.0,108.0,4.0,1415.0,351.0,15.0,9237.0,59.0,5.0,1547.0,149.0,10.0,4165.0,396.0,64.0,10576.0,142.0,7.0,3275.0,,,,,,,12.0,3.0,530.0,101.0,4.0,2091.0,357.0,4.0,11779.0,,,,28.0,3.0,989.0,53.0,8.0,297.0,,,,1019.0,36.0,122714.0,252.0,39.0,11896.0,200.0,52.0,8775.0,301.0,16.0,13492.0,11.0,3.0,357.0,378.0,8.0,14456.0,134.0,5.0,4262.0,2543.0,3.0,147218.0,416.0,4.0,13505.0,209.0,36.0,6624.0,299.0,12.0,7209.0,45.0,5.0,1134.0,810.0,43.0,17788.0,70.0,6.0,2780.0,195.0,6.0,1679.0,365.0,29.0,6300.0,,,,10.0,3.0,221.0,,,,12.0,9.0,355.0,63.0,5.0,1773.0,,,,272.0,37.0,4677.0,519.0,32.0,5717.0,687.0,29.0,10262.0,26.0,4.0,759.0,,,,80.0,5.0,2001.0,354.0,42.0,4180.0,3110.0,158.0,46388.0,321.0,60.0,12698.0,,,,37.0,10.0,2080.0,9.0,5.0,275.0,101.0,22.0,2873.0,46.0,5.0,1441.0,67.0,5.0,1763.0,68.0,10.0,1301.0,500.0,58.0,9910.0,81.0,4.0,5173.0,20.0,3.0,375.0,75.0,12.0,2238.0,64.0,27.0,2988.0
30015,Chouteau County,6,-110.37,47.88,10350.67,0.0,0.0,,,,,,,,,,28.0,6.0,1815.0,,,,,,,,,,,,,,,,,,,,,,,,,,,,6.0,3.0,232.0,,,,,,,,,,,,,,,,,,,3.0,3.0,159.0,,,,,,,,,,,,,,,,,,,,,,,,,,,,,,,,,,,,,,,,,,,,,,,,,,,,,,,,,,,,,,,,,,,,,,,,,,,,,,,,,,,,,,,,,,,,,,,,,,,,,,,,,,,,,,,,,,,,,,,,,,,,,,,,,,,,,,,,,,,,,,,,,,,,,,,,,,,,,,,,,,,45.0,6.0,2994.0,,,,,,,,,,36.0,6.0,1366.0,,,,,,,,,,,,,,,,,,,,,,,,,,,,42.0,3.0,702.0,,,,,,,15.0,3.0,673.0,15.0,4.0,523.0,,,,,,,,,,,,,,,,,,,,,,,,,,,,,,,,,,,,,,,,,,,,,,,,,,,,,,,,,,,,,,,,,,,,,,,,,,,,,,,,,,,,,,,,,,,,,,,,,,,,,,,,,,,,,,,,,,,,,,28.0,5.0,1206.0,,,,,,,,,,,,,,,,28.0,12.0,1406.0,,,,0.0,3.0,57.0,,,,,,,,,,,,,,,,,,,,,,,,,,,,,,,,,,0.0,3.0,69.0,,,,,,,,,,,,,,,,,,,,,,,,,,,,,,,,,,,,,,,,,,,,,,,,,,,,,,,,,,,,,,,,,,,,,,,,,,,,,,,,,,,,,,,,,,,,,,,,,,,,,,,,,,,,,,,,,,,,,,,,,,,,,,,,,,10.0,6.0,278.0,,,,,,,,,,,,,19.0,5.0,138.0,40.0,6.0,382.0,,,,,,,,,,,,,,,,,,,,,,,,,15.0,4.0,126.0,,,,,,,,,,,,
30017,Custer County,12,-105.35,38.11,9824.33,0.0,0.0,,,,,,,,,,,,,,,,,,,,,,,,,,,,1.0,3.0,112.0,,,,,,,,,,35.0,13.0,1129.0,,,,13.0,3.0,1208.0,,,,,,,,,,24.0,8.0,496.0,30.0,7.0,1756.0,,,,23.0,7.0,1578.0,,,,,,,,,,,,,17.0,3.0,468.0,,,,,,,,,,,,,,,,,,,,,,,,,,,,,,,,,,,,,,,,,,,,,,,,,,,,,,,,,,,,,,,,,,,,,,,,,,,,,,,,,,,,,,,,,,,,,,,,,,,,,,,,,,,,,,,,,,,,,,,,,,,,26.0,4.0,1422.0,,,,,,,,,,,,,,,,,,,,,,,,,,,,11.0,4.0,415.0,41.0,3.0,608.0,89.0,4.0,4482.0,,,,35.0,4.0,1127.0,,,,,,,11.0,3.0,332.0,85.0,6.0,3780.0,,,,,,,,,,,,,,,,105.0,6.0,2003.0,,,,,,,,,,,,,,,,,,,,,,,,,,,,,,,,,,,,,,,,,,,,,,,,,19.0,6.0,747.0,68.0,13.0,2851.0,,,,,,,,,,,,,,,,,,,,,,,,,,,,,,,40.0,4.0,2504.0,,,,,,,,,,,,,,,,,,,,,,26.0,5.0,1934.0,,,,,,,192.0,6.0,13244.0,,,,,,,,,,11.0,5.0,755.0,,,,48.0,12.0,2384.0,19.0,8.0,248.0,8.0,4.0,366.0,,,,,,,8.0,3.0,306.0,,,,,,,,,,18.0,4.0,861.0,35.0,10.0,1114.0,,,,,,,,,,8.0,10.0,382.0,,,,,,,,,,,,,,,,,,,,,,,,,,,,38.0,9.0,564.0,,,,,,,,,,,,,,,,,,,,,,,,,,,,,,,81.0,5.0,5800.0,44.0,5.0,2053.0,25.0,9.0,844.0,162.0,6.0,8265.0,,,,,,,,,,,,,,,,115.0,6.0,2575.0,21.0,3.0,458.0,,,,60.0,6.0,1206.0,,,,,,,27.0,7.0,464.0,,,,,,,,,,,,,5.0,3.0,101.0,,,,74.0,11.0,1326.0,45.0,6.0,465.0,68.0,8.0,1386.0,,,,,,,2.0,3.0,81.0,64.0,6.0,977.0,448.0,25.0,7053.0,58.0,9.0,2566.0,,,,11.0,4.0,407.0,,,,,,,,,,,,,,,,71.0,8.0,1176.0,,,,,,,,,,,,
30019,Daniels County,2,-105.51,48.77,3694.16,0.0,0.0,,,,,,,,,,5.0,4.0,187.0,,,,,,,,,,,,,,,,,,,,,,,,,,,,,,,,,,,,,,,,,,,,,,,,,,,,,,,,,,,,,,,,,,,,,,,,,,,,,,,,,,,,,,,,,,,,,,,,,,,,,,,,,,,,,,,,,,,,,,,,,,,,,,,,,,,,,,,,,,,,,,,,,,,,,,,,,,,,,,,,,,,,,,,,,,,,,,,,,,,,,,,,,,,,,,,,,,,,,,,,,,,,,,,,,,,,,,,,,,,,,,,,,,,,,,,,,,,,,,,,,,,,,,,,,,12.0,3.0,156.0,38.0,3.0,2764.0,,,,,,,,,,,,,,,,,,,,,,,,,,,,,,,,,,,,,,,,,,,,,,,,,,,,,,,,,,,,,,,,,,,,,,,,,,,,,,,,,,,,,,,,,,,,,,,,,,,,,,,,,,,,,,,,,,,,,,,,,,,,,,,,,,,,,,,,,,,,,,,,,,,,,,,14.0,4.0,677.0,,,,,,,,,,,,,,,,,,,,,,,,,,,,,,,,,,,,,,,,,,,,,,,,,3.0,3.0,141.0,,,,,,,,,,,,,,,,,,,,,,,,,,,,,,,,,,,,,,,,,,,,,,,,,,,,,,,,,,,,,,,,,,,,,,,,,,,,,,,,,,,,,,,,,,,,,,,,,,,,,,,,,,,,,,,,,,,,,,,,,4.0,4.0,148.0,,,,,,,,,,,,,5.0,3.0,66.0,19.0,4.0,160.0,,,,,,,,,,,,,,,,,,,,,,,,,,,,,,,,,,,,,,,
30021,Dawson County,9,-101.96,32.74,6172.19,0.0,0.0,,,,,,,,,,,,,,,,,,,,,,,,,,,,157.0,11.0,15392.0,,,,,,,,,,4.0,4.0,112.0,,,,,,,,,,,,,,,,17.0,3.0,609.0,20.0,9.0,1196.0,9.0,3.0,258.0,8.0,4.0,238.0,,,,,,,,,,,,,,,,,,,,,,,,,,,,,,,,,,,,,,,,,,,,,,,,,,,,,,,,,,,,,,,,,,,,,,,,,,,,,,,,,,,,,,,,,,,,,,,,,,,,,,,,,,,,,,,,,,,,,,,,,,,,,,,,,,,,,,,,,,,26.0,4.0,1578.0,,,,,,,,,,,,,,,,,,,,,,,,,,,,13.0,3.0,710.0,,,,58.0,4.0,2951.0,,,,30.0,5.0,1268.0,,,,,,,,,,29.0,4.0,1105.0,,,,,,,,,,,,,,,,88.0,6.0,1753.0,,,,,,,,,,,,,,,,,,,,,,,,,,,,,,,,,,,,,,,,,,,,,,,,,18.0,7.0,1368.0,53.0,6.0,1865.0,,,,,,,,,,,,,,,,,,,,,,,,,,,,,,,,,,,,,,,,,,,,,,,,,,,,17.0,3.0,531.0,46.0,5.0,3765.0,,,,,,,50.0,7.0,2485.0,,,,,,,,,,10.0,3.0,548.0,,,,31.0,9.0,1285.0,20.0,6.0,360.0,,,,,,,,,,,,,,,,,,,,,,,,,33.0,6.0,1318.0,,,,,,,2.0,3.0,111.0,21.0,14.0,1044.0,,,,,,,,,,5.0,3.0,248.0,,,,,,,,,,,,,,,,3.0,4.0,88.0,16.0,3.0,264.0,,,,,,,,,,,,,,,,,,,,,,,,,,,,,,,38.0,4.0,1445.0,14.0,4.0,524.0,,,,,,,,,,,,,,,,,,,60.0,5.0,1333.0,,,,,,,40.0,4.0,1616.0,,,,,,,22.0,3.0,367.0,,,,,,,,,,,,,,,,,,,,,,28.0,4.0,318.0,109.0,9.0,1648.0,,,,,,,,,,14.0,3.0,233.0,237.0,16.0,3580.0,42.0,9.0,1510.0,,,,13.0,3.0,509.0,,,,,,,,,,,,,,,,55.0,9.0,748.0,,,,,,,18.0,4.0,138.0,8.0,4.0,103.0
30023,Deer Lodge County,9,-113.09,46.08,1920.26,0.0,0.0,,,,,,,,,,,,,,,,,,,,,,,,,,,,,,,,,,,,,,,,30.0,11.0,837.0,,,,,,,,,,,,,,,,18.0,4.0,965.0,38.0,8.0,2500.0,4.0,5.0,210.0,38.0,3.0,2169.0,,,,,,,,,,,,,,,,,,,,,,,,,,,,,,,,,,,,,,,,,,,,,,,,,,,,,,,,,,,,,,,,,,,,,,,,,,,,,,,,,,,,,,,,,,,,,,,,,,,,,,,,,,,,,,,,,,,,,,,,,,,,,,,,,,,,,,,,,,,,,,,,,,,,,,,,,,,,,,,,,,,,,,,,,,,,,,,,,,,,,10.0,3.0,302.0,,,,,,,,,,18.0,3.0,480.0,,,,,,,,,,,,,41.0,3.0,1823.0,77.0,4.0,1078.0,,,,,,,,,,,,,,,,,,,,,,,,,,,,,,,,,,,,,,,,,,,,,,,,,,,,,,,,,,,,,,,,,,,,,,,,,,,,,,,,,,,,,,,,,,,,,,,,,,,,,,,,,,,,,,,,,,,,,,44.0,6.0,1684.0,,,,,,,,,,,,,,,,11.0,6.0,456.0,12.0,5.0,326.0,,,,,,,,,,,,,,,,,,,,,,15.0,5.0,461.0,9.0,3.0,200.0,62.0,7.0,4404.0,,,,3.0,3.0,66.0,8.0,3.0,210.0,,,,,,,,,,,,,,,,,,,,,,,,,,,,,,,,,,,,,,,,,,,,,,,,,,,,,,,,,,,,,92.0,5.0,10931.0,20.0,5.0,836.0,18.0,5.0,732.0,,,,,,,,,,,,,,,,,,,338.0,50.0,9554.0,,,,74.0,4.0,2229.0,28.0,5.0,555.0,,,,,,,1.0,3.0,51.0,,,,,,,,,,,,,,,,,,,32.0,5.0,649.0,16.0,5.0,929.0,,,,,,,,,,,,,51.0,10.0,339.0,253.0,19.0,3524.0,17.0,3.0,719.0,,,,,,,,,,,,,,,,,,,,,,15.0,7.0,224.0,,,,,,,,,,,,
30025,Fallon County,3,-104.44,46.33,4203.54,0.0,0.0,,,,,,,,,,,,,,,,,,,102.0,4.0,13703.0,,,,,,,148.0,9.0,7901.0,,,,,,,,,,,,,,,,23.0,5.0,1543.0,,,,,,,,,,26.0,3.0,1213.0,22.0,3.0,1462.0,,,,15.0,6.0,874.0,,,,,,,,,,,,,,,,,,,,,,,,,,,,,,,,,,,,,,,,,,,,,,,,,,,,,,,,,,,,,,,,,,,,,,,,,,,,,,,,,,,,,,,,,,,,,,,,,,,,,,,,,,,,,,,,,,,,,,,,,,,,,,,,,,,,,,,,,,,,,,,,,,,,,,,,,,,,,,,,,,,,,,,,,,,,,,,,,,,,,13.0,3.0,509.0,,,,,,,,,,,,,,,,,,,,,,,,,,,,,,,,,,,,,,,,,,,,,,,,,,,,,,,,,,,,,,,,,,,,,,,,,,,,,,,8.0,4.0,469.0,38.0,3.0,2754.0,,,,,,,,,,,,,,,,,,,,,,,,,,,,,,,,,,,,,,,,,,,,,,,,,,,,,,,,,,,,,,,,,,,,,,,,,,,,,,,,,,,,,7.0,3.0,123.0,,,,,,,,,,,,,,,,,,,,,,,,,,,,,,,,,,,,,3.0,3.0,179.0,,,,,,,,,,,,,,,,,,,,,,,,,,,,8.0,3.0,35.0,,,,,,,,,,,,,,,,,,,,,,,,,,,,,,,,,,,,,,,,,,,,,,,,,,,,,,,,,,,,,,,,,,,,,,,,,,,,,,,,,,,,,,,,,,,,,,,,,,,,,,,27.0,5.0,794.0,,,,,,,,,,26.0,4.0,280.0,17.0,5.0,234.0,14.0,4.0,339.0,,,,,,,,,,,,,,,,,,,,,,23.0,8.0,394.0,,,,,,,,,,,,
30027,Fergus County,11,-109.22,47.21,11266.48,0.0,0.0,,,,,,,,,,7.0,4.0,218.0,,,,,,,,,,,,,,,,,,,44.0,4.0,4315.0,,,,,,,30.0,13.0,799.0,,,,5.0,3.0,366.0,,,,,,,,,,14.0,9.0,660.0,61.0,10.0,3147.0,3.0,5.0,114.0,71.0,14.0,8192.0,,,,,,,,,,,,,,,,,,,,,,,,,,,,,,,16.0,3.0,655.0,,,,,,,,,,,,,,,,,,,,,,,,,,,,,,,,,,,,,,,,,,,134.0,3.0,7969.0,,,,,,,,,,,,,,,,,,,,,,,,,,,,,,,,,,,,,,,,,,,,,,,,,,,,,,,,,,,,,70.0,4.0,4890.0,,,,,,,,,,,,,,,,,,,,,,,,,,,,30.0,4.0,1646.0,,,,29.0,4.0,1242.0,,,,34.0,6.0,1073.0,,,,,,,,,,42.0,5.0,1296.0,36.0,4.0,1565.0,119.0,6.0,3259.0,,,,,,,,,,68.0,10.0,1149.0,6.0,3.0,33.0,,,,,,,,,,,,,,,,,,,,,,,,,,,,,,,,,,,,,17.0,5.0,756.0,,,,,,,14.0,4.0,305.0,,,,,,,,,,,,,,,,,,,,,,,,,,,,,,,,,,,,,,,,,,,,,,,,,,,,,,,,,,13.0,3.0,922.0,,,,,,,92.0,6.0,5054.0,,,,,,,,,,10.0,3.0,1164.0,,,,40.0,10.0,1653.0,31.0,11.0,615.0,10.0,5.0,276.0,,,,,,,,,,,,,,,,,,,15.0,5.0,651.0,41.0,11.0,1177.0,,,,,,,,,,6.0,5.0,266.0,,,,,,,19.0,5.0,693.0,,,,,,,,,,,,,,,,,,,14.0,9.0,261.0,6.0,3.0,360.0,,,,,,,,,,,,,,,,,,,,,,,,,,,,,,,36.0,6.0,2098.0,43.0,11.0,1503.0,,,,,,,,,,,,,,,,,,,53.0,4.0,1754.0,32.0,3.0,652.0,,,,81.0,8.0,1272.0,,,,,,,73.0,5.0,1309.0,,,,,,,,,,,,,,,,,,,30.0,4.0,479.0,20.0,6.0,206.0,117.0,8.0,1597.0,,,,,,,,,,21.0,4.0,236.0,303.0,28.0,4355.0,35.0,13.0,1010.0,,,,12.0,4.0,527.0,,,,,,,14.0,3.0,187.0,,,,,,,32.0,8.0,346.0,,,,,,,46.0,6.0,651.0,,,
30029,Flathead County,102,-113.97,48.38,13612.94,0.01,0.4,91.0,35.0,4014.0,,,,,,,,,,20.0,9.0,673.0,5.0,5.0,435.0,4.0,4.0,139.0,,,,5.0,4.0,380.0,19.0,8.0,1583.0,178.0,3.0,15787.0,,,,,,,620.0,262.0,29301.0,189.0,16.0,12841.0,362.0,18.0,36163.0,,,,377.0,12.0,26048.0,9.0,4.0,477.0,449.0,121.0,23367.0,1007.0,173.0,54175.0,569.0,143.0,21914.0,361.0,90.0,21070.0,,,,,,,,,,,,,61.0,3.0,2454.0,14.0,3.0,104.0,,,,110.0,15.0,2411.0,12.0,6.0,264.0,,,,440.0,5.0,27473.0,577.0,7.0,42009.0,128.0,12.0,6390.0,95.0,10.0,5684.0,,,,,,,,,,14.0,3.0,327.0,,,,,,,,,,39.0,4.0,1832.0,130.0,4.0,5627.0,,,,,,,45.0,10.0,2050.0,85.0,16.0,4621.0,10.0,3.0,324.0,213.0,15.0,10464.0,,,,,,,,,,,,,,,,,,,45.0,15.0,1964.0,,,,11.0,6.0,413.0,29.0,10.0,1253.0,17.0,5.0,780.0,5.0,4.0,348.0,44.0,10.0,2505.0,73.0,12.0,5915.0,,,,69.0,8.0,3760.0,63.0,7.0,2739.0,151.0,19.0,9115.0,45.0,7.0,2220.0,,,,27.0,4.0,1111.0,,,,125.0,15.0,4951.0,,,,,,,126.0,3.0,7925.0,130.0,4.0,7303.0,41.0,6.0,1164.0,52.0,16.0,3062.0,561.0,18.0,30231.0,194.0,12.0,7882.0,291.0,23.0,11564.0,89.0,8.0,4404.0,99.0,21.0,2699.0,137.0,14.0,4185.0,768.0,46.0,30016.0,124.0,8.0,3790.0,1235.0,24.0,32773.0,21.0,7.0,302.0,52.0,8.0,1900.0,225.0,24.0,7842.0,409.0,34.0,9167.0,309.0,30.0,4790.0,10.0,4.0,175.0,33.0,9.0,980.0,439.0,28.0,10418.0,,,,,,,743.0,9.0,26122.0,36.0,7.0,574.0,144.0,22.0,3751.0,95.0,18.0,1733.0,184.0,44.0,5564.0,144.0,30.0,5124.0,,,,81.0,20.0,2684.0,15.0,3.0,705.0,21.0,3.0,1585.0,148.0,42.0,6514.0,186.0,51.0,7663.0,,,,78.0,7.0,1274.0,,,,,,,,,,,,,40.0,4.0,1524.0,,,,23.0,7.0,722.0,12.0,6.0,469.0,197.0,3.0,8105.0,21.0,4.0,1045.0,,,,122.0,7.0,4272.0,,,,59.0,12.0,1238.0,,,,46.0,4.0,2015.0,191.0,33.0,9191.0,,,,3.0,3.0,570.0,776.0,46.0,47177.0,164.0,19.0,11793.0,45.0,11.0,5844.0,40.0,10.0,6487.0,84.0,39.0,11988.0,35.0,11.0,2658.0,785.0,63.0,50109.0,212.0,65.0,5878.0,149.0,139.0,10402.0,307.0,67.0,8693.0,78.0,11.0,2028.0,98.0,18.0,2755.0,,,,48.0,9.0,2367.0,,,,259.0,93.0,17713.0,350.0,88.0,17186.0,350.0,87.0,21553.0,49.0,19.0,1969.0,117.0,43.0,10430.0,277.0,96.0,11350.0,50.0,5.0,3314.0,74.0,13.0,1865.0,202.0,37.0,7446.0,423.0,12.0,57937.0,45.0,17.0,1891.0,292.0,11.0,7862.0,1580.0,21.0,31273.0,89.0,8.0,2708.0,177.0,12.0,9440.0,626.0,159.0,18461.0,79.0,11.0,7417.0,55.0,3.0,2585.0,,,,42.0,12.0,1147.0,277.0,8.0,7207.0,,,,,,,10.0,3.0,332.0,265.0,22.0,2289.0,12.0,4.0,311.0,502.0,56.0,50197.0,438.0,54.0,21278.0,484.0,116.0,19060.0,334.0,22.0,15161.0,7.0,3.0,1165.0,286.0,9.0,6101.0,49.0,7.0,2276.0,3451.0,3.0,218257.0,634.0,6.0,20952.0,176.0,11.0,5942.0,229.0,12.0,6112.0,,,,422.0,38.0,9503.0,50.0,7.0,1439.0,43.0,4.0,1146.0,283.0,42.0,5372.0,25.0,6.0,894.0,,,,37.0,7.0,487.0,11.0,13.0,586.0,17.0,4.0,504.0,,,,178.0,25.0,3839.0,970.0,63.0,18372.0,816.0,72.0,19281.0,85.0,24.0,4607.0,,,,37.0,13.0,974.0,439.0,46.0,7480.0,4249.0,242.0,71227.0,433.0,91.0,18585.0,30.0,11.0,1070.0,95.0,15.0,4460.0,28.0,9.0,839.0,123.0,41.0,2493.0,46.0,9.0,1504.0,82.0,9.0,1567.0,56.0,23.0,1051.0,600.0,81.0,10850.0,35.0,12.0,1095.0,49.0,15.0,1931.0,65.0,12.0,939.0,74.0,27.0,3004.0
30031,Gallatin County,111,-88.23,37.75,6821.05,0.02,0.12,,,,1.0,9.0,216.0,2.0,3.0,34.0,30.0,6.0,1929.0,20.0,4.0,202.0,35.0,6.0,2588.0,,,,,,,64.0,4.0,11283.0,18.0,6.0,1217.0,136.0,8.0,15045.0,,,,9.0,7.0,186.0,1274.0,408.0,75139.0,329.0,32.0,20352.0,185.0,17.0,15604.0,18.0,9.0,2330.0,232.0,11.0,17730.0,885.0,9.0,120839.0,862.0,173.0,44212.0,1256.0,182.0,75455.0,815.0,221.0,37636.0,477.0,112.0,29092.0,,,,,,,,,,8.0,3.0,153.0,24.0,4.0,800.0,50.0,8.0,1067.0,52.0,6.0,1801.0,340.0,18.0,9916.0,160.0,7.0,8246.0,4.0,3.0,72.0,,,,,,,19.0,6.0,652.0,143.0,16.0,4041.0,,,,,,,,,,,,,106.0,3.0,4256.0,,,,6.0,3.0,153.0,200.0,6.0,14244.0,89.0,7.0,5522.0,12.0,3.0,414.0,,,,164.0,15.0,8596.0,157.0,14.0,7776.0,6.0,3.0,301.0,78.0,5.0,3005.0,,,,95.0,4.0,5094.0,222.0,8.0,15009.0,202.0,3.0,9050.0,49.0,4.0,1919.0,19.0,3.0,749.0,103.0,14.0,4424.0,17.0,5.0,612.0,18.0,5.0,1864.0,349.0,25.0,16560.0,,,,,,,285.0,19.0,18068.0,114.0,23.0,9067.0,,,,51.0,7.0,3384.0,86.0,12.0,5236.0,215.0,22.0,14672.0,90.0,16.0,4456.0,,,,13.0,3.0,664.0,124.0,5.0,7673.0,156.0,22.0,4969.0,14.0,4.0,780.0,,,,51.0,4.0,4305.0,157.0,4.0,6696.0,40.0,5.0,1912.0,75.0,31.0,5661.0,715.0,16.0,44607.0,133.0,15.0,7285.0,244.0,24.0,8878.0,165.0,19.0,8389.0,237.0,24.0,10848.0,53.0,16.0,1760.0,1019.0,49.0,45474.0,314.0,13.0,16219.0,1379.0,23.0,42114.0,75.0,12.0,1337.0,49.0,7.0,1890.0,214.0,25.0,7185.0,474.0,35.0,11449.0,302.0,44.0,6249.0,22.0,4.0,578.0,68.0,13.0,1811.0,560.0,59.0,12931.0,133.0,5.0,1873.0,148.0,3.0,1787.0,770.0,7.0,28293.0,23.0,8.0,487.0,233.0,42.0,5032.0,177.0,25.0,3138.0,321.0,44.0,12743.0,291.0,51.0,18506.0,,,,170.0,31.0,8189.0,79.0,8.0,3109.0,29.0,7.0,2555.0,165.0,38.0,8791.0,197.0,42.0,9518.0,30.0,3.0,534.0,,,,33.0,3.0,971.0,,,,,,,33.0,3.0,696.0,68.0,9.0,6585.0,,,,42.0,8.0,1756.0,49.0,5.0,4352.0,284.0,8.0,13465.0,,,,90.0,6.0,3806.0,146.0,11.0,4711.0,684.0,18.0,79541.0,110.0,27.0,3662.0,17.0,3.0,642.0,31.0,6.0,1601.0,205.0,33.0,12034.0,470.0,8.0,35746.0,12.0,8.0,527.0,684.0,45.0,51266.0,111.0,21.0,13309.0,27.0,8.0,3928.0,82.0,18.0,16823.0,105.0,58.0,7718.0,33.0,4.0,2395.0,428.0,99.0,25435.0,184.0,83.0,5586.0,224.0,248.0,20560.0,457.0,112.0,19459.0,171.0,12.0,3855.0,128.0,15.0,2844.0,,,,41.0,6.0,2268.0,,,,332.0,111.0,21685.0,364.0,111.0,21111.0,1127.0,179.0,84083.0,80.0,42.0,4342.0,471.0,87.0,34914.0,492.0,203.0,33374.0,165.0,26.0,12393.0,97.0,21.0,3020.0,367.0,73.0,15378.0,438.0,15.0,30100.0,60.0,17.0,3212.0,245.0,21.0,5845.0,59.0,17.0,1646.0,144.0,24.0,6179.0,63.0,13.0,2709.0,1102.0,260.0,40287.0,69.0,12.0,5805.0,77.0,6.0,4698.0,,,,23.0,7.0,1416.0,293.0,16.0,7565.0,47.0,4.0,1302.0,45.0,8.0,3052.0,29.0,6.0,1112.0,290.0,44.0,6407.0,9.0,8.0,332.0,854.0,73.0,113785.0,445.0,69.0,21325.0,707.0,178.0,28303.0,299.0,19.0,12025.0,,,,165.0,8.0,4437.0,145.0,7.0,5175.0,,,,,,,147.0,13.0,3092.0,489.0,12.0,12391.0,,,,661.0,66.0,16612.0,58.0,5.0,2390.0,47.0,3.0,1213.0,485.0,62.0,10136.0,58.0,7.0,1050.0,,,,9.0,7.0,705.0,36.0,33.0,1369.0,51.0,8.0,1494.0,12.0,3.0,193.0,112.0,17.0,2532.0,1301.0,94.0,22811.0,2927.0,84.0,62929.0,88.0,22.0,5871.0,4.0,3.0,77.0,78.0,28.0,1271.0,357.0,37.0,6285.0,5655.0,306.0,102328.0,365.0,91.0,16465.0,12.0,5.0,287.0,33.0,3.0,1362.0,45.0,15.0,1374.0,249.0,59.0,6452.0,30.0,3.0,945.0,94.0,9.0,3138.0,142.0,35.0,2798.0,408.0,66.0,7325.0,149.0,17.0,9908.0,375.0,52.0,18346.0,63.0,19.0,1229.0,122.0,28.0,5441.0
30035,Glacier County,14,-112.95,48.7,7868.16,0.0,0.0,,,,,,,,,,,,,,,,,,,28.0,5.0,1374.0,,,,,,,,,,55.0,6.0,4616.0,,,,,,,5.0,3.0,82.0,,,,,,,,,,,,,,,,,,,4.0,3.0,106.0,4.0,3.0,108.0,,,,,,,,,,,,,,,,,,,,,,,,,,,,,,,,,,,,,,,,,,,,,,,,,,,,,,,,,,,,,,,,,,,,,,,,,,,,,,,,,,,,,,,,,,,,,,,,,,,,,,,,,,,,,,,,,,,,,,,,,,,,,,,,,,,,,,,,,,,,,,,,,,,,,,,,,,,,,,,,,,,,,,,,,,,,,,,,,,,,,,,,23.0,5.0,1074.0,,,,,,,,,,11.0,3.0,386.0,,,,151.0,6.0,4306.0,,,,,,,,,,113.0,6.0,2370.0,24.0,3.0,653.0,,,,,,,,,,,,,,,,,,,,,,,,,,,,,,,,,,,,,,,,,,,,,,,,,,,,,,,,,,,,,,,,,,,,,,,,,,,,,,,,,,,,,,,,,,,,,,,,,,,,,,,,,,15.0,4.0,781.0,,,,,,,41.0,5.0,1904.0,,,,,,,,,,,,,,,,10.0,5.0,477.0,3.0,5.0,49.0,,,,,,,,,,,,,,,,,,,,,,7.0,5.0,295.0,14.0,3.0,533.0,,,,,,,,,,,,,,,,,,,13.0,3.0,262.0,,,,,,,,,,,,,,,,,,,,,,,,,,,,,,,,,,,,,,,,,,,,,,,,,,,,,,,,,,,,,44.0,3.0,2771.0,,,,,,,,,,,,,,,,,,,,,,,,,34.0,3.0,399.0,,,,,,,11.0,3.0,146.0,,,,,,,,,,,,,,,,,,,17.0,4.0,411.0,6.0,5.0,60.0,95.0,12.0,6682.0,,,,,,,,,,26.0,3.0,419.0,163.0,17.0,2495.0,27.0,6.0,1161.0,,,,,,,,,,,,,,,,,,,,,,13.0,4.0,170.0,,,,,,,9.0,3.0,56.0,,,
30039,Granite County,3,-113.47,46.39,4488.13,0.0,0.0,34.0,5.0,1330.0,,,,,,,,,,,,,,,,,,,,,,,,,,,,,,,,,,,,,6.0,5.0,272.0,,,,,,,,,,,,,,,,,,,5.0,3.0,154.0,15.0,3.0,548.0,22.0,7.0,2144.0,,,,,,,,,,,,,,,,,,,,,,,,,,,,,,,,,,,,,,,,,,,,,,,,,,,,,,,,,,,,,,,,,,,,,,,,,,,,,,,,,,,,,,,,,,,,,,,,,,,,,,,,,,,,,,,,,,,,,,,,,,,,,,,,,,,,,,,,,,,,,,,,,,,,,,,,,,,,,,,,,,,,,,,,,,,,,,,,,,,,,,,,,,,,,,,,,,,,,,,,,,,,,,,,,,,41.0,4.0,621.0,,,,,,,,,,,,,,,,,,,,,,,,,7.0,3.0,95.0,,,,,,,,,,,,,,,,,,,,,,,,,6.0,6.0,308.0,,,,,,,,,,,,,,,,,,,,,,,,,,,,,,,,,,,,,,,,,,,,,,,,,,,,,,,,,,,,,,,,,,,,,,,,,,,,,,,,,,,,,2.0,3.0,72.0,,,,,,,,,,,,,,,,,,,,,,,,,3.0,3.0,81.0,,,,,,,,,,,,,,,,,,,,,,,,,,,,,,,,,,,,,,,,,,,,,,,,,,,,,,,,,,,,,,,,,,,,,,,,,,,,,,,,,,,,,,,,,,,,,,,,,,,,,,,,,,,,,,,,,,,,,,,,,,,,,,,,,,,,,,,,,,,,,,,,,25.0,5.0,260.0,,,,,,,,,,11.0,4.0,98.0,40.0,6.0,529.0,,,,,,,,,,,,,,,,,,,,,,,,,4.0,3.0,39.0,,,,,,,,,,,,
30041,Hill County,16,-97.09,31.96,7554.25,0.0,0.47,,,,,,,,,,,,,,,,,,,,,,,,,,,,,,,187.0,3.0,15830.0,,,,5.0,3.0,70.0,22.0,12.0,1142.0,33.0,3.0,2612.0,28.0,5.0,2046.0,,,,,,,,,,4.0,3.0,264.0,53.0,15.0,2679.0,15.0,8.0,546.0,69.0,12.0,4943.0,,,,,,,,,,,,,,,,,,,,,,21.0,4.0,125.0,,,,,,,,,,,,,,,,,,,,,,,,,,,,,,,,,,,,,,,,4.0,3.0,154.0,,,,,,,,,,,,,,,,,,,,,,,,,,,,,,,,,,,,,,,,,,,,,,,,,,,,,,,,,,,,,,,,,,,,,,,,,93.0,4.0,4981.0,,,,,,,,,,,,,,,,18.0,5.0,875.0,,,,,,,,,,33.0,6.0,1914.0,,,,127.0,3.0,6051.0,,,,56.0,6.0,1602.0,,,,6.0,3.0,177.0,29.0,4.0,748.0,19.0,4.0,955.0,62.0,3.0,1693.0,115.0,3.0,3321.0,,,,,,,14.0,4.0,434.0,114.0,11.0,2545.0,23.0,7.0,245.0,,,,,,,26.0,4.0,631.0,,,,,,,,,,,,,,,,,,,,,,,,,,,,12.0,3.0,557.0,,,,,,,34.0,9.0,1915.0,3.0,4.0,266.0,,,,,,,,,,,,,,,,,,,,,,,,,,,,,,,62.0,5.0,2438.0,,,,,,,,,,,,,,,,,,,,,,13.0,3.0,572.0,,,,,,,135.0,8.0,7617.0,32.0,6.0,1789.0,,,,,,,22.0,7.0,1300.0,,,,45.0,16.0,2228.0,54.0,10.0,924.0,8.0,6.0,220.0,3.0,6.0,181.0,,,,,,,,,,4.0,3.0,321.0,,,,27.0,6.0,1267.0,51.0,7.0,2013.0,36.0,4.0,2341.0,,,,,,,,,,,,,,,,18.0,4.0,594.0,,,,,,,,,,,,,,,,,,,43.0,11.0,1028.0,,,,,,,,,,,,,,,,,,,,,,,,,,,,,,,7.0,5.0,360.0,29.0,5.0,1648.0,38.0,8.0,1097.0,207.0,5.0,10893.0,,,,,,,,,,,,,,,,110.0,7.0,2288.0,,,,,,,151.0,9.0,3242.0,,,,,,,48.0,10.0,1136.0,,,,,,,,,,,,,,,,,,,33.0,5.0,718.0,26.0,13.0,587.0,160.0,8.0,2894.0,,,,,,,,,,76.0,13.0,804.0,456.0,30.0,6405.0,70.0,14.0,2394.0,,,,4.0,3.0,107.0,,,,,,,,,,,,,,,,32.0,10.0,405.0,6.0,4.0,238.0,,,,27.0,3.0,481.0,10.0,3.0,66.0
30043,Jefferson County,12,-94.17,29.83,4297.89,0.0,0.31,,,,,,,,,,,,,,,,,,,,,,,,,,,,,,,6.0,3.0,588.0,,,,,,,62.0,28.0,2081.0,,,,11.0,4.0,445.0,,,,,,,,,,38.0,16.0,1853.0,69.0,21.0,3967.0,12.0,9.0,333.0,39.0,15.0,2054.0,,,,,,,,,,,,,,,,,,,,,,,,,,,,,,,,,,,,,,,,,,,,,,,,,,,,,,,,,,,,,,,,,,,,,,,,,,,,,,,,,,,,,,,,,,,,,,,,,,,,,,,,,,,,,,,,,,,,,,,,,,,,,,,,,,,,,,,,,,,,,,,,,,,,,,,,,,,,,,,,,,,,,,,,,,,,,,,,,,,,,16.0,4.0,491.0,,,,,,,,,,,,,,,,,,,,,,,,,,,,76.0,6.0,1433.0,,,,,,,,,,,,,,,,,,,,,,,,,,,,,,,,,,,,,,,,,,,,,,,,,6.0,3.0,89.0,,,,,,,,,,,,,,,,,,,,,,,,,,,,16.0,3.0,641.0,,,,,,,,,,,,,,,,,,,3.0,3.0,58.0,,,,,,,,,,,,,,,,24.0,4.0,880.0,,,,,,,,,,,,,,,,12.0,3.0,555.0,,,,1.0,3.0,54.0,6.0,4.0,186.0,,,,,,,,,,,,,,,,6.0,4.0,312.0,,,,24.0,4.0,1200.0,,,,11.0,7.0,702.0,12.0,11.0,754.0,,,,,,,,,,,,,,,,,,,,,,,,,,,,49.0,9.0,1101.0,,,,,,,,,,,,,,,,,,,,,,,,,,,,,,,15.0,5.0,773.0,20.0,4.0,963.0,10.0,7.0,386.0,,,,,,,,,,,,,,,,,,,,,,,,,,,,,,,,,,,,,,,,,,,,,,,,,,,,,,,,,,,,,16.0,4.0,136.0,,,,3.0,3.0,64.0,,,,,,,38.0,5.0,329.0,170.0,18.0,2429.0,15.0,5.0,580.0,,,,,,,,,,,,,,,,,,,,,,12.0,7.0,292.0,,,,5.0,3.0,391.0,,,,,,
30045,Judith Basin County,2,-110.23,47.02,4844.91,0.0,0.0,,,,,,,,,,,,,,,,,,,,,,,,,,,,,,,,,,,,,,,,,,,,,,,,,,,,,,,,,,,,,,,,,,,3.0,3.0,81.0,,,,,,,,,,,,,,,,,,,,,,,,,,,,,,,,,,,,,,,,,,,,,,,,,,,,,,,,,,,,,,,,,,,,,,,,,,,,,,,,,,,,,,,,,,,,,,,,,,,,,,,,,,,,,,,,,,,,,,,,,,,,,,,,,,,,,,,,,,,,,,,,,,,,,,,,,,,,,,,,,,,,,,,,,26.0,3.0,1158.0,,,,,,,,,,,,,,,,,,,,,,,,,,,,51.0,3.0,956.0,,,,,,,,,,,,,,,,,,,,,,,,,,,,,,,,,,,,,,,,,,,,,,,,,,,,,,,,,,,,,,,,10.0,5.0,392.0,,,,,,,,,,,,,,,,,,,,,,,,,,,,,,,,,,,,,,,,,,,,,,,,,,,,,,,,,,,,,,,,,,,,,,,,,,,,,,,,,,17.0,3.0,728.0,,,,,,,,,,,,,,,,,,,,,,,,,,,,,,,,,,,,,,,,,,,,,,,,,,,,,,,,,,,,,,,,,,,,,,,,,,,,,,,,,,,,,,,,,,,,,,,,,,,,,,,,,,,,,,,,,,,,,,,,,,,,,,,,,,,,,,,,,,,,,,,,,,,,,,,,,,,,,,,,,,,,,,,,,,,,2.0,5.0,125.0,,,,,,,,,,,,,17.0,3.0,161.0,,,,,,,,,,,,,,,,,,,,,,,,,,,,,,,,,,,,,,,,,,
30047,Lake County,30,-122.78,39.05,4283.94,0.01,0.09,16.0,9.0,1020.0,,,,,,,,,,,,,0.0,3.0,61.0,,,,,,,,,,,,,,,,,,,,,,148.0,57.0,5533.0,11.0,5.0,366.0,83.0,9.0,5815.0,,,,,,,,,,58.0,20.0,2547.0,73.0,28.0,3058.0,33.0,18.0,1210.0,113.0,30.0,4584.0,,,,,,,,,,,,,,,,,,,,,,,,,,,,,,,,,,,,,95.0,5.0,2570.0,,,,,,,,,,,,,,,,,,,,,,,,,,,,,,,,,,,,,,,,,,,,,,47.0,3.0,1732.0,,,,,,,,,,,,,,,,,,,,,,,,,2.0,3.0,44.0,,,,,,,,,,,,,,,,,,,,,,,,,12.0,5.0,412.0,,,,,,,,,,,,,,,,,,,,,,,,,,,,,,,,,,76.0,6.0,4215.0,26.0,3.0,1234.0,75.0,9.0,3010.0,,,,,,,,,,119.0,11.0,4187.0,80.0,6.0,2537.0,238.0,8.0,6624.0,21.0,5.0,765.0,,,,43.0,6.0,1649.0,109.0,11.0,2384.0,2.0,4.0,145.0,,,,,,,,,,,,,,,,209.0,3.0,5529.0,,,,20.0,3.0,222.0,21.0,5.0,328.0,7.0,5.0,216.0,17.0,4.0,1073.0,,,,31.0,9.0,1156.0,,,,,,,16.0,14.0,606.0,25.0,13.0,871.0,,,,,,,,,,,,,,,,,,,,,,,,,,,,,,,,,,,,,,,,,,,,,,,,,,,,,,,45.0,5.0,2155.0,36.0,3.0,3343.0,,,,156.0,9.0,6589.0,,,,,,,,,,17.0,9.0,950.0,,,,39.0,11.0,1585.0,17.0,10.0,404.0,14.0,11.0,601.0,11.0,7.0,383.0,,,,2.0,5.0,246.0,,,,,,,,,,41.0,15.0,2345.0,26.0,10.0,772.0,21.0,7.0,771.0,,,,128.0,5.0,9070.0,125.0,16.0,10110.0,,,,,,,37.0,7.0,842.0,28.0,3.0,1094.0,,,,,,,,,,,,,,,,77.0,29.0,2579.0,17.0,3.0,821.0,,,,,,,28.0,5.0,771.0,,,,,,,,,,,,,26.0,4.0,541.0,,,,85.0,9.0,7652.0,54.0,6.0,2499.0,79.0,26.0,2548.0,39.0,6.0,1855.0,,,,,,,,,,,,,119.0,3.0,3391.0,117.0,6.0,2055.0,,,,,,,39.0,12.0,934.0,34.0,6.0,832.0,,,,41.0,11.0,738.0,,,,,,,,,,11.0,4.0,489.0,10.0,3.0,180.0,,,,,,,73.0,14.0,1438.0,191.0,10.0,5034.0,5.0,4.0,366.0,,,,,,,59.0,14.0,602.0,590.0,51.0,8357.0,71.0,20.0,2667.0,,,,,,,,,,3.0,3.0,44.0,,,,,,,25.0,8.0,421.0,68.0,22.0,1121.0,,,,5.0,3.0,183.0,52.0,7.0,758.0,9.0,7.0,306.0
30049,Lewis and Clark County,69,-112.48,47.21,9057.78,0.01,0.07,3.0,4.0,118.0,,,,,,,,,,7.0,3.0,65.0,,,,,,,,,,38.0,3.0,2156.0,4.0,3.0,41.0,101.0,9.0,13729.0,,,,,,,232.0,94.0,9402.0,578.0,10.0,44819.0,47.0,9.0,3869.0,8.0,4.0,421.0,,,,10.0,3.0,1004.0,149.0,34.0,7178.0,427.0,77.0,23732.0,135.0,46.0,5120.0,148.0,32.0,13180.0,,,,,,,,,,,,,,,,,,,,,,65.0,7.0,1560.0,,,,,,,,,,17.0,3.0,503.0,25.0,6.0,1057.0,55.0,4.0,1683.0,,,,,,,,,,,,,,,,,,,,,,,,,,,,,,,,,,40.0,3.0,2187.0,,,,,,,,,,,,,,,,,,,,,,,,,,,,18.0,4.0,590.0,,,,53.0,6.0,2324.0,38.0,8.0,1754.0,,,,,,,,,,35.0,10.0,3271.0,,,,24.0,4.0,1132.0,,,,56.0,6.0,2934.0,32.0,4.0,1677.0,,,,14.0,5.0,419.0,,,,43.0,4.0,1879.0,,,,6.0,4.0,386.0,,,,,,,,,,14.0,4.0,450.0,326.0,13.0,16867.0,70.0,10.0,3440.0,198.0,18.0,6825.0,71.0,7.0,2182.0,73.0,12.0,2668.0,30.0,8.0,969.0,473.0,23.0,16734.0,63.0,5.0,1488.0,683.0,16.0,17759.0,22.0,5.0,373.0,15.0,3.0,526.0,137.0,13.0,4691.0,293.0,25.0,6246.0,118.0,11.0,1479.0,,,,15.0,6.0,504.0,272.0,21.0,5395.0,11.0,3.0,138.0,,,,689.0,8.0,24223.0,7.0,3.0,151.0,101.0,10.0,1879.0,40.0,5.0,539.0,113.0,22.0,3495.0,14.0,7.0,660.0,,,,42.0,11.0,2021.0,,,,,,,157.0,23.0,7371.0,67.0,13.0,2906.0,5.0,3.0,51.0,,,,,,,,,,,,,,,,26.0,4.0,1526.0,,,,13.0,5.0,353.0,,,,204.0,7.0,6727.0,,,,,,,69.0,5.0,2712.0,60.0,6.0,6441.0,,,,,,,46.0,5.0,1781.0,161.0,20.0,10589.0,8.0,6.0,743.0,,,,553.0,36.0,40772.0,269.0,16.0,25149.0,,,,31.0,7.0,7905.0,44.0,17.0,4240.0,380.0,12.0,37106.0,194.0,40.0,12431.0,86.0,40.0,2723.0,67.0,62.0,3736.0,51.0,21.0,2066.0,34.0,6.0,749.0,30.0,7.0,1024.0,,,,35.0,4.0,2366.0,,,,307.0,55.0,19843.0,267.0,38.0,12146.0,545.0,49.0,42732.0,,,,162.0,34.0,11127.0,228.0,61.0,13497.0,57.0,7.0,2801.0,75.0,17.0,1949.0,134.0,15.0,5031.0,610.0,14.0,43285.0,20.0,10.0,930.0,190.0,9.0,5178.0,102.0,9.0,4007.0,23.0,5.0,780.0,38.0,8.0,1489.0,419.0,60.0,13642.0,13.0,5.0,638.0,31.0,3.0,2002.0,,,,16.0,8.0,489.0,75.0,5.0,1541.0,,,,14.0,4.0,1061.0,17.0,7.0,903.0,92.0,18.0,733.0,12.0,6.0,237.0,387.0,45.0,26585.0,334.0,40.0,16771.0,305.0,83.0,12765.0,226.0,13.0,15209.0,37.0,4.0,2383.0,196.0,6.0,9807.0,25.0,5.0,1754.0,,,,148.0,4.0,5147.0,435.0,26.0,10820.0,264.0,5.0,6999.0,266.0,5.0,6411.0,516.0,34.0,12952.0,68.0,6.0,2298.0,48.0,3.0,1648.0,238.0,27.0,3101.0,49.0,6.0,834.0,,,,,,,13.0,4.0,563.0,,,,,,,242.0,24.0,5397.0,499.0,40.0,6047.0,486.0,28.0,9888.0,2.0,4.0,348.0,,,,129.0,12.0,2311.0,230.0,27.0,3383.0,2447.0,130.0,36897.0,333.0,53.0,12026.0,3.0,3.0,147.0,19.0,6.0,677.0,11.0,6.0,428.0,81.0,27.0,1790.0,39.0,7.0,1287.0,34.0,3.0,415.0,42.0,14.0,596.0,351.0,47.0,6898.0,36.0,11.0,2078.0,184.0,29.0,8275.0,34.0,14.0,787.0,500.0,68.0,34874.0
30051,Liberty County,2,-94.79,30.09,3747.86,0.0,0.45,,,,,,,,,,4.0,3.0,82.0,,,,,,,,,,,,,,,,,,,,,,,,,,,,2.0,3.0,95.0,,,,,,,,,,,,,,,,,,,,,,,,,,,,,,,,,,,,,,,,,,,,,,,,,,,,,,,,,,,,,,,,,,,,,,,,,,,,,,,,,,,,,,,,,,,,,,,,,,,,,,,,,,,,,,,,,,,,,,,,,,,,,,,,,,,,,,,,,,,,,,,,,,,,,,,,,,,,,,,,,,,,,,5.0,3.0,297.0,,,,,,,,,,,,,,,,24.0,3.0,1173.0,,,,,,,,,,,,,,,,,,,,,,,,,,,,,,,,,,,,,,,,20.0,3.0,338.0,,,,,,,,,,2.0,3.0,494.0,,,,,,,,,,,,,,,,,,,,,,,,,,,,,,,,,,,,,,,,,,,,,,,,,,,,,,,,,,,,,,,,,,,,,,,,,,,,,,,,,,,,,,,,,,,,,,,,,,,,,,,,,,,,,,,,,,,,,,8.0,3.0,388.0,,,,,,,,,,,,,,,,8.0,3.0,294.0,,,,,,,,,,,,,,,,,,,,,,,,,,,,,,,,,,,,,,,,,,,,,,,,,,,,,,,,,,,,,,,,,,,,,,3.0,3.0,143.0,,,,,,,,,,,,,,,,,,,,,,,,,,,,,,,,,,,,,,,,,,,,,,,,,,,,,,,,,,,,,,,,,,,,,,,,,,,,,,,,,,,,,,,,,,,,,,,,,,,,,,,,,,,,,,,,,,,,,,21.0,4.0,170.0,,,,,,,,,,,,,,,,,,,,,,,,,13.0,4.0,152.0,,,,,,,,,,,,
30053,Lincoln County,20,-81.21,35.49,9519.05,0.0,0.04,78.0,30.0,4407.0,,,,,,,,,,,,,9.0,5.0,966.0,,,,,,,,,,,,,,,,,,,,,,76.0,35.0,2236.0,,,,22.0,3.0,1436.0,,,,5.0,5.0,427.0,,,,8.0,10.0,567.0,73.0,22.0,2801.0,32.0,13.0,704.0,81.0,12.0,5790.0,,,,,,,,,,,,,,,,,,,,,,,,,,,,,,,22.0,3.0,640.0,,,,45.0,3.0,1283.0,,,,,,,,,,,,,,,,,,,,,,,,,,,,,,,,,,,,,,,,47.0,3.0,1924.0,,,,,,,,,,,,,,,,,,,,,,,,,40.0,4.0,1132.0,,,,,,,,,,,,,,,,,,,,,,,,,,,,,,,,,,,,,,,,,,,,,,,,,,,,,,,,,,,,,,,,,,,,,,30.0,3.0,1309.0,55.0,9.0,2120.0,,,,11.0,4.0,357.0,,,,76.0,7.0,2440.0,,,,257.0,9.0,5968.0,,,,17.0,5.0,252.0,22.0,4.0,1009.0,122.0,9.0,2010.0,,,,,,,,,,12.0,4.0,318.0,,,,,,,4.0,3.0,130.0,,,,,,,14.0,5.0,118.0,,,,22.0,3.0,810.0,,,,25.0,4.0,772.0,,,,,,,33.0,7.0,1787.0,19.0,12.0,750.0,,,,,,,,,,,,,,,,,,,,,,,,,,,,,,,,,,,,,,,,25.0,5.0,672.0,,,,,,,,,,,,,44.0,7.0,3125.0,,,,,,,75.0,9.0,3131.0,,,,,,,,,,,,,,,,30.0,9.0,1381.0,23.0,9.0,517.0,10.0,8.0,545.0,4.0,6.0,152.0,,,,14.0,3.0,431.0,,,,,,,,,,6.0,3.0,349.0,25.0,8.0,440.0,10.0,7.0,396.0,,,,10.0,3.0,305.0,8.0,4.0,391.0,,,,5.0,3.0,127.0,17.0,3.0,445.0,,,,,,,,,,,,,,,,,,,35.0,23.0,779.0,,,,,,,,,,32.0,5.0,1932.0,73.0,4.0,2910.0,,,,,,,,,,,,,,,,55.0,4.0,2778.0,25.0,6.0,1014.0,25.0,9.0,715.0,103.0,5.0,5749.0,,,,,,,18.0,3.0,255.0,,,,,,,,,,17.0,3.0,371.0,,,,79.0,8.0,1142.0,,,,,,,46.0,10.0,961.0,,,,,,,,,,7.0,3.0,351.0,,,,,,,33.0,4.0,681.0,71.0,10.0,1364.0,104.0,9.0,1704.0,,,,,,,29.0,4.0,257.0,60.0,9.0,730.0,292.0,39.0,4312.0,52.0,17.0,1361.0,,,,,,,,,,,,,,,,,,,15.0,3.0,170.0,69.0,20.0,1035.0,,,,,,,26.0,5.0,273.0,7.0,4.0,82.0
30055,McCone County,2,-105.85,47.58,6946.2,0.0,0.0,,,,,,,,,,,,,,,,,,,,,,,,,,,,,,,,,,,,,,,,,,,,,,,,,,,,,,,,,,,,,,,,,,,,,,,,,,,,,,,,,,,,,,,,,,,,,,,,,,,,,,,,,,,,,,,,,,,,,,,,,,,,,,,,,,,,,,,,,,,,,,,,,,,,,,,,,,,,,,,,,,,,,,,,,,,,,,,,,,,,,,,,,,,,,,,,,,,,,,,,,,,,,,,,,,,,,,,,,,,,,,,,,,,,,,,,,,,,,,,,,,,,,,,,,,,,,,,,,,,,,,,,,,,,,,,,,,,,,,,,13.0,3.0,261.0,,,,,,,,,,,,,,,,,,,,,,,,,,,,,,,,,,,,,,,,,,,,,,,,,,,,,,,,,,,,,,,,,,,,,,,,,,,,,,,,,,,,,,,,,,,,,,,,,,,,,,,,,,,,,,,,,,,,,,,,,,,,,,,,,,,,,,,,9.0,3.0,703.0,,,,,,,,,,,,,,,,,,,,,,,,,,,,,,,,,,,,,,,,,,,,,,,,,,,,,,,,,,,,,,,,,,,,,,,,,,,,,,,,,,,,,,,,,,,,,,,,,,,,,,,,,,,,,,,,,,,,,,,,,,,,,,,,,,,,,,,,,,,,,,,,,,,,,,,,,,,,,,,,,,,,,,,,,,,,,,,,,,,,,,,,,,,,,,,,,,,,,,,,,,,,,,,,,,,,,,,,,9.0,3.0,27.0,,,,,,,,,,,,
30057,Madison County,9,-95.95,30.96,9333.41,0.0,0.28,,,,,,,,,,12.0,5.0,631.0,,,,,,,,,,,,,117.0,3.0,4589.0,,,,11.0,4.0,895.0,,,,,,,87.0,31.0,3179.0,,,,,,,,,,,,,,,,54.0,7.0,2032.0,51.0,19.0,2086.0,22.0,11.0,945.0,19.0,15.0,794.0,,,,,,,,,,,,,,,,,,,,,,42.0,4.0,1400.0,,,,,,,,,,,,,,,,,,,,,,,,,,,,,,,,,,,,,,,,,,,,,,,,,,,,,,,9.0,3.0,505.0,,,,,,,,,,,,,,,,,,,,,,,,,,,,,,,,,,,,,,,,,,,,,,,,,,,,,,,,,,,,,,,,,,,,,,,,,,,,,,,,,,,,,,,,,,,,,,,,,,,,12.0,4.0,264.0,,,,,,,,,,37.0,5.0,1091.0,,,,55.0,3.0,1522.0,13.0,3.0,581.0,2.0,3.0,97.0,,,,38.0,4.0,797.0,,,,,,,,,,10.0,3.0,423.0,,,,,,,,,,,,,,,,,,,,,,,,,,,,28.0,5.0,1124.0,,,,,,,,,,,,,,,,,,,,,,,,,,,,,,,,,,,,,,,,,,,,,,,,,,,,,,,,,,,,,,,,,,,13.0,3.0,1118.0,,,,,,,45.0,5.0,2523.0,,,,,,,,,,,,,,,,27.0,5.0,1553.0,3.0,4.0,121.0,15.0,12.0,579.0,13.0,9.0,708.0,,,,,,,,,,,,,,,,7.0,4.0,383.0,10.0,9.0,349.0,,,,,,,,,,12.0,8.0,584.0,,,,,,,29.0,5.0,868.0,,,,,,,,,,,,,,,,,,,29.0,11.0,669.0,,,,,,,,,,,,,,,,,,,,,,,,,,,,,,,,,,,,,,,,,,,,,,,,,,,,,,,,,,,,,,,,,,,19.0,6.0,135.0,,,,,,,15.0,4.0,160.0,,,,,,,,,,,,,,,,,,,,,,33.0,15.0,979.0,40.0,13.0,1046.0,53.0,14.0,3334.0,,,,,,,45.0,6.0,501.0,131.0,23.0,2826.0,27.0,5.0,1230.0,,,,,,,,,,,,,,,,,,,,,,6.0,5.0,127.0,,,,,,,,,,24.0,8.0,1096.0
30059,Meagher County,2,-110.9,46.63,6202.71,0.0,0.0,,,,,,,,,,,,,,,,,,,,,,,,,,,,,,,,,,,,,,,,,,,,,,,,,,,,,,,,,,,,,11.0,4.0,548.0,,,,,,,,,,,,,,,,,,,,,,,,,,,,,,,,,,,,,,,,,,,,,,,,,,,,,,,,,,,,,,,,,,,,,,,,,,,,,,,,,,,,,,,,,,,,,,,,,,,,,,,,,,,,,,,,,,,,,,,,,,,,,,,,,,,,,,,,,,,,,,,,,,,,,,,,,,,,,,,,,,,,,,,,,,,,,,,,,,,,,,,,,,,,,,,,,,,,,,,,,,,,,,,,,,,,,,,,,,,,,,,,,,,,,,,,,,,,,,,,,,,,,,,,,,,,,,,,,,,,,,,,,,,,,,,,,,,,,,,,,,,,,,,,,,,,,,,,,,,,,,,,,,,,,,,,,,,,,,,,,,,,,,,,,,,,,,,,,,,,,,,,,,,,,,,,,,,,,,,,,,,,,,,,,,,,,,,,,,,,,,,,,,,,,,,,,,,,,,,,,,,,,,,,,,,,,,,,,,,,,,,,,,,,,,,,,,,,,,,,,,,,,,,,,,,,,,,,,,,,,,,,,,,,,,,,,,,,,,,,,,,,,,,,,,,,,,,,,,,,,,,,,,,,,,,,,,,,,,,,,,,,,,,,,1.0,6.0,151.0,,,,,,,,,,,,,23.0,4.0,325.0,49.0,6.0,421.0,,,,,,,,,,,,,,,,,,,,,,,,,,,,,,,,,,,,,,,
30061,Mineral County,4,-106.93,37.66,3168.11,0.0,0.0,7.0,3.0,524.0,,,,,,,,,,,,,,,,,,,,,,,,,,,,,,,,,,,,,10.0,6.0,386.0,,,,,,,,,,,,,,,,,,,,,,4.0,5.0,129.0,6.0,3.0,352.0,,,,,,,,,,,,,,,,,,,,,,,,,,,,,,,,,,,,,,,,,,,,,,,,,,,,,,,,,,,,,,,,,,,,,,,,,,,,,,,,,,,,,,,,,,,,,,,,,,,,,,,,,,,,,,,,,,,,,,,,,,,,,,,,,,,,,,,,,,,,,,,,,,,,,,,,,,,,,,,,,,,,,,,,,,,,,,,,,,,,,,,,,,,,,,,,,,,,,,,,,,,,,,,,,,,115.0,5.0,2251.0,,,,,,,,,,,,,,,,,,,,,,,,,,,,,,,,,,,,,,,,,,,,,,,,,2.0,3.0,35.0,,,,,,,,,,,,,,,,,,,,,,,,,,,,,,,,,,,,,,,,,,,,,,,,,,,,,,,,,,,,,,,,,,,,,,,,,,,,,,,,,,,,,3.0,3.0,109.0,,,,2.0,3.0,99.0,,,,,,,,,,,,,,,,,,,,,,,,,,,,,,,,,,,,,,,,,,,,,,,,,,,,,,,,,,,,,,,,,,,,,,,,,,,,,,,,,,,,,,,,,,,,,,,,,,,,,,,,,,,,,,,,,,,,,,,,,,,,,,,,,,,,,15.0,3.0,87.0,,,,,,,,,,,,,,,,,,,,,,,,,,,,,,,0.0,6.0,244.0,60.0,6.0,938.0,,,,,,,,,,30.0,5.0,242.0,44.0,6.0,791.0,5.0,3.0,77.0,,,,,,,,,,,,,,,,,,,,,,,,,,,,,,,,,,,,
30063,Missoula County,119,-113.92,46.97,6780.74,0.02,0.31,72.0,24.0,2852.0,,,,,,,,,,7.0,3.0,62.0,23.0,16.0,3343.0,,,,,,,4.0,3.0,414.0,,,,133.0,4.0,13283.0,,,,,,,444.0,144.0,18831.0,397.0,18.0,27416.0,105.0,19.0,8294.0,5.0,5.0,315.0,319.0,10.0,27358.0,,,,377.0,61.0,17067.0,915.0,118.0,52316.0,285.0,94.0,9997.0,363.0,73.0,23264.0,,,,,,,,,,,,,,,,113.0,5.0,2373.0,,,,276.0,18.0,6357.0,,,,,,,219.0,6.0,10460.0,208.0,3.0,11932.0,51.0,7.0,1673.0,79.0,14.0,2203.0,,,,,,,215.0,4.0,9054.0,,,,,,,,,,,,,57.0,4.0,2978.0,,,,,,,18.0,4.0,662.0,35.0,6.0,1536.0,17.0,5.0,798.0,,,,,,,,,,,,,,,,,,,,,,,,,47.0,10.0,1458.0,,,,210.0,12.0,8527.0,98.0,7.0,3322.0,197.0,12.0,10549.0,45.0,5.0,2225.0,183.0,17.0,10568.0,109.0,21.0,8266.0,15.0,4.0,841.0,75.0,10.0,3940.0,132.0,12.0,7331.0,360.0,24.0,21841.0,57.0,11.0,3241.0,22.0,3.0,1130.0,82.0,3.0,2107.0,7.0,3.0,446.0,207.0,15.0,9261.0,,,,,,,90.0,5.0,5248.0,,,,188.0,6.0,8593.0,35.0,18.0,2061.0,515.0,26.0,29311.0,369.0,17.0,23591.0,376.0,36.0,15159.0,84.0,11.0,4118.0,164.0,19.0,5420.0,151.0,13.0,4583.0,673.0,42.0,26265.0,159.0,8.0,2665.0,1043.0,19.0,28692.0,91.0,11.0,1215.0,48.0,7.0,1095.0,361.0,38.0,11932.0,676.0,48.0,14808.0,474.0,45.0,7008.0,52.0,8.0,1024.0,45.0,10.0,1295.0,526.0,46.0,10669.0,49.0,6.0,618.0,215.0,3.0,3749.0,1108.0,6.0,36116.0,55.0,4.0,585.0,164.0,16.0,2775.0,145.0,15.0,2816.0,202.0,41.0,6778.0,119.0,27.0,3899.0,,,,112.0,31.0,4547.0,100.0,4.0,1640.0,281.0,6.0,23220.0,403.0,47.0,20363.0,206.0,31.0,9241.0,18.0,3.0,323.0,259.0,4.0,3544.0,,,,,,,,,,,,,,,,,,,64.0,14.0,2003.0,61.0,15.0,3341.0,266.0,9.0,12092.0,,,,,,,96.0,6.0,4850.0,180.0,7.0,12533.0,196.0,13.0,6316.0,,,,303.0,10.0,12609.0,894.0,32.0,47515.0,23.0,6.0,577.0,47.0,6.0,2719.0,799.0,48.0,51822.0,67.0,20.0,8967.0,21.0,15.0,1381.0,82.0,12.0,14674.0,121.0,38.0,11258.0,83.0,13.0,7222.0,1068.0,79.0,64616.0,267.0,79.0,8419.0,226.0,111.0,9181.0,272.0,52.0,10966.0,115.0,9.0,3036.0,39.0,7.0,1388.0,7.0,3.0,283.0,25.0,6.0,2451.0,30.0,3.0,1797.0,724.0,148.0,49520.0,852.0,83.0,26891.0,819.0,91.0,58880.0,39.0,14.0,1978.0,852.0,72.0,64199.0,252.0,114.0,13489.0,317.0,28.0,16407.0,129.0,16.0,8965.0,231.0,41.0,10290.0,390.0,19.0,42621.0,594.0,17.0,26258.0,465.0,22.0,9019.0,227.0,26.0,7855.0,70.0,7.0,2700.0,55.0,12.0,1980.0,778.0,135.0,18294.0,206.0,16.0,12286.0,83.0,4.0,5128.0,,,,88.0,12.0,3503.0,274.0,12.0,6824.0,,,,6.0,5.0,473.0,66.0,7.0,2455.0,246.0,40.0,4156.0,31.0,10.0,1614.0,1235.0,82.0,138325.0,463.0,59.0,21370.0,603.0,172.0,22217.0,592.0,29.0,23399.0,32.0,3.0,1395.0,470.0,10.0,17300.0,221.0,10.0,8397.0,,,,480.0,5.0,13936.0,488.0,28.0,7688.0,485.0,12.0,11354.0,173.0,11.0,4987.0,1100.0,55.0,24884.0,236.0,14.0,7197.0,460.0,4.0,9235.0,506.0,75.0,8285.0,88.0,3.0,2202.0,,,,10.0,3.0,121.0,33.0,18.0,1299.0,27.0,7.0,946.0,,,,327.0,27.0,7171.0,964.0,66.0,12403.0,1035.0,47.0,18020.0,53.0,10.0,2544.0,15.0,7.0,215.0,45.0,20.0,1452.0,487.0,37.0,5720.0,5486.0,243.0,83399.0,548.0,97.0,18369.0,177.0,10.0,6726.0,76.0,9.0,3729.0,20.0,8.0,649.0,288.0,56.0,7549.0,27.0,4.0,1132.0,86.0,7.0,2658.0,88.0,28.0,1877.0,452.0,65.0,6918.0,123.0,16.0,6278.0,520.0,50.0,27776.0,68.0,14.0,1061.0,152.0,29.0,5600.0
30065,Musselshell County,5,-108.45,46.47,4848.38,0.0,0.0,,,,,,,,,,,,,,,,,,,,,,,,,,,,11.0,4.0,605.0,,,,,,,,,,5.0,4.0,215.0,,,,,,,,,,,,,,,,,,,18.0,3.0,712.0,,,,,,,,,,,,,,,,,,,,,,,,,,,,,,,,,,,,,,,,,,,,,,,,,,,,,,,,,,,,,,,,,,,,,,,,,,,,,,,,,,,,,,,,,,,,,,,,,,,,,,,,,,,,,,,,,,,,,,,,,,,,,,,,,,,,,,,,,,,,,,,,,,,,,,,,,,,,,,,,,,,,,,,,,,,,,,,,,,,,,,,,,,,,,,,,,,,,,,,,,,,,,,,,,,,,,,,,,16.0,3.0,627.0,,,,,,,,,,,,,,,,,,,,,,,,,,,,,,,,,,,,,,,,,,,,,,,,,3.0,3.0,178.0,,,,,,,,,,,,,,,,,,,,,,,,,,,,,,,,,,,,,,,,,,,,,,,,,,,,,,,,,,7.0,3.0,634.0,,,,,,,,,,,,,,,,,,,,,,,,,,,,,,,,,,,,,,,,,,,,,,,,,,,,,,,,,,,,,,,,,,,,,,,,,,,,11.0,3.0,177.0,,,,,,,,,,,,,,,,,,,23.0,3.0,377.0,,,,,,,,,,,,,,,,,,,,,,,,,,,,,,,,,,,,,,,,,,,,,,,,,,,,,,,,,,,,,37.0,3.0,796.0,,,,,,,,,,,,,,,,,,,,,,,,,,,,,,,,,,,,,,,,,,,,,,,,,,,,,,,27.0,3.0,390.0,19.0,4.0,462.0,,,,,,,,,,,,,,,,,,,,,,8.0,4.0,138.0,,,,,,,,,,,,
30067,Park County,17,-105.76,39.11,7286.36,0.0,0.03,10.0,3.0,721.0,,,,,,,,,,7.0,6.0,193.0,,,,,,,,,,,,,,,,24.0,4.0,2538.0,,,,,,,101.0,47.0,4316.0,7.0,4.0,229.0,,,,,,,,,,,,,62.0,17.0,2762.0,175.0,30.0,9564.0,27.0,20.0,1122.0,19.0,12.0,1450.0,,,,,,,,,,,,,,,,,,,,,,,,,,,,,,,,,,,,,,,,,,,,,,,,,,,,,,,,,,,,,,,,,,,,,,,,,,,,,,,,,,,,,,,,,,,,,,,,,,,,,,,,,,,,,,,,,,,8.0,4.0,295.0,,,,,,,,,,,,,,,,,,,,,,,,,,,,,,,,,,,,,,,,,,,,,,,,,,,,,,,8.0,4.0,254.0,19.0,4.0,721.0,,,,42.0,5.0,1181.0,,,,11.0,5.0,321.0,,,,63.0,8.0,2700.0,,,,190.0,5.0,8039.0,,,,,,,36.0,4.0,964.0,82.0,7.0,2048.0,6.0,3.0,65.0,,,,,,,20.0,7.0,707.0,,,,,,,7.0,3.0,104.0,,,,66.0,9.0,3559.0,,,,23.0,8.0,725.0,8.0,4.0,270.0,,,,10.0,3.0,342.0,,,,,,,10.0,7.0,643.0,4.0,5.0,184.0,,,,,,,4.0,3.0,76.0,,,,,,,,,,,,,,,,17.0,3.0,778.0,,,,,,,,,,,,,38.0,3.0,1062.0,,,,8.0,4.0,97.0,,,,,,,28.0,7.0,1273.0,,,,,,,124.0,10.0,8200.0,,,,,,,,,,5.0,4.0,452.0,,,,15.0,8.0,1030.0,23.0,23.0,556.0,4.0,19.0,825.0,6.0,9.0,400.0,,,,,,,,,,,,,,,,34.0,13.0,1704.0,36.0,14.0,1001.0,47.0,15.0,3250.0,6.0,5.0,117.0,14.0,8.0,1338.0,13.0,11.0,794.0,,,,,,,37.0,13.0,1499.0,12.0,3.0,1368.0,59.0,5.0,2898.0,,,,5.0,4.0,124.0,4.0,3.0,77.0,,,,33.0,28.0,1012.0,11.0,3.0,496.0,,,,,,,,,,12.0,5.0,304.0,,,,,,,,,,17.0,6.0,440.0,,,,75.0,4.0,6753.0,35.0,5.0,1356.0,84.0,14.0,2867.0,64.0,4.0,3364.0,,,,,,,,,,,,,,,,36.0,4.0,1163.0,52.0,3.0,1332.0,,,,45.0,9.0,1071.0,24.0,3.0,731.0,,,,19.0,4.0,475.0,,,,,,,,,,6.0,8.0,791.0,,,,,,,76.0,5.0,898.0,63.0,38.0,2570.0,344.0,39.0,9126.0,37.0,11.0,2925.0,,,,10.0,4.0,134.0,83.0,13.0,1273.0,716.0,68.0,13505.0,62.0,14.0,2678.0,,,,,,,,,,29.0,6.0,504.0,,,,44.0,5.0,1137.0,6.0,4.0,60.0,190.0,17.0,4126.0,6.0,4.0,302.0,35.0,6.0,1042.0,9.0,3.0,50.0,6.0,5.0,207.0
30071,Phillips County,4,-102.37,40.59,13499.38,0.0,0.0,,,,,,,,,,,,,,,,,,,,,,,,,,,,,,,,,,,,,,,,,,,,,,,,,,,,,,,,,,,,,10.0,4.0,711.0,,,,10.0,6.0,1014.0,,,,,,,,,,,,,,,,,,,,,,,,,,,,,,,,,,,,,,,,,,,,,,,,,,,,,,,,,,,,,,,,,,,,,,,,,,,,,,,,,,,,,,,,,,,,,,,,,,,,,,,,,,,,,,,,,,,,,,,,,,,,,,,,,,,,,,,,,,,,,,,,,,,,,,,,,,,,,,,,,,,,,,,,,,,,,,,,,,,,,18.0,3.0,513.0,,,,,,,,,,,,,,,,,,,,,,,,,,,,52.0,3.0,1201.0,,,,,,,,,,,,,,,,,,,,,,,,,,,,,,,,,,,,,,,,,,,,,,,,,,,,,,,,,,,,,,,,,,,,,,,,,,,,,,,,,,,,,,,,,,,,,,,,,,,,,,,,,,,,,,,,,,,,,,35.0,3.0,1743.0,,,,,,,,,,,,,,,,,,,,,,5.0,5.0,124.0,,,,,,,,,,,,,,,,,,,8.0,4.0,170.0,,,,,,,,,,,,,,,,,,,,,,11.0,3.0,249.0,,,,,,,,,,,,,,,,,,,,,,,,,,,,,,,,,,,,,,,,,,,,,,,,,,,,,,,,,,,,,,,,,,,,,,,,,,,,,,,,,,,,,,,,74.0,4.0,708.0,,,,,,,,,,,,,,,,,,,,,,,,,,,,,,,,,,38.0,4.0,544.0,,,,,,,,,,58.0,7.0,497.0,69.0,10.0,901.0,15.0,6.0,499.0,,,,,,,,,,,,,,,,,,,,,,7.0,3.0,71.0,,,,5.0,3.0,259.0,,,,,,
30073,Pondera County,6,-112.12,48.24,4251.27,0.0,0.0,,,,,,,,,,,,,,,,,,,,,,,,,,,,,,,3.0,3.0,369.0,,,,,,,1.0,4.0,133.0,,,,,,,,,,,,,,,,,,,38.0,9.0,1499.0,,,,14.0,3.0,642.0,,,,,,,,,,,,,,,,,,,,,,,,,,,,,,,,,,,,,,,,,,,,,,,,,,,,,,,,,,,,,,,,,,,,,,,,,,,,,,,,,,,,,,,,,,,,,,,,,,,,,,,,,,,,,,,,,,,,,,,,,,,,,,,,,,,,,,,,,,,,,,,,,,,,,,,,,,,,,,,,,,,,,,,,,15.0,6.0,820.0,,,,,,,,,,15.0,4.0,440.0,,,,,,,,,,,,,,,,60.0,3.0,1372.0,,,,,,,,,,37.0,3.0,1032.0,,,,,,,,,,,,,,,,,,,,,,,,,,,,,,,,,,,,,,,,,,,,,,,,,9.0,3.0,347.0,9.0,4.0,426.0,,,,,,,,,,,,,,,,,,,,,,,,,,,,,,,,,,,,,,,,,,,,,,,,,,,,,,,,,,,,,,,,39.0,6.0,1790.0,,,,,,,,,,,,,,,,16.0,5.0,609.0,,,,,,,,,,,,,,,,,,,,,,,,,6.0,3.0,83.0,,,,,,,,,,,,,7.0,4.0,192.0,,,,,,,,,,,,,,,,,,,,,,,,,,,,13.0,3.0,89.0,,,,,,,,,,,,,,,,,,,,,,,,,,,,,,,,,,,,,,,,,,,,,,,,,,,,,,,,,,,,,37.0,3.0,852.0,,,,23.0,3.0,351.0,,,,,,,8.0,4.0,151.0,,,,,,,,,,,,,,,,,,,,,,,,,,,,,,,,,,,,,12.0,4.0,157.0,46.0,8.0,435.0,8.0,4.0,189.0,,,,,,,,,,,,,,,,,,,,,,18.0,8.0,173.0,,,,,,,,,,,,
30075,Powder River County,2,-105.6,45.37,8543.59,0.0,0.0,,,,,,,,,,,,,,,,,,,,,,,,,,,,,,,,,,,,,,,,12.0,4.0,166.0,,,,9.0,5.0,204.0,,,,,,,,,,,,,,,,,,,3.0,3.0,154.0,,,,,,,,,,,,,,,,,,,,,,,,,,,,,,,,,,,,,,,,,,,,,,,,,,,,,,,,,,,,,,,,,,,,,,,,,,,,,,,,,,,,,,,,,,,,,,,,,,,,,,,,,,,,,,,,,,,,,,,,,,,,,,,,,,,,,,,,,,,,,,,,,,,,,,,,,,,,,,,,,,,,,,,,,,,,,,,,,,,,,,,,,,,,,,,,,,,,,,,,,,,,,,,,,,,,,,,,,,,,,,,,,,,,,,,,,,,,,,,,,,,,,,,,,,,,,,,,,,,,,,,,,,,,,,,,,,,,,,,,,,,,,,,,,,,,,,,,,,,,,,,,,,,,,,,,,,,,,,,,,,,,,,,,,,,,,,,,,,,,,,,,,,,,,,,,,,,,,,,,,,,,,,,,,,,,,,,,,,,4.0,3.0,178.0,,,,,,,,,,,,,,,,,,,8.0,4.0,565.0,,,,,,,,,,,,,,,,,,,,,,,,,,,,,,,,,,,,,,,,,,,,,,,,,,,,,,,,,,,,,,,,,,,,,,,,,,,,,,,,,,,,,,,,,,,,,,,,,,,,,,,,,,,,,,,,,,,,,,,,,1.0,4.0,139.0,,,,,,,,,,,,,,,,27.0,4.0,177.0,8.0,4.0,207.0,,,,,,,,,,,,,,,,,,,,,,,,,,,,,,,,,,,,
30077,Powell County,7,-83.82,37.82,6040.76,0.0,0.01,60.0,7.0,2517.0,,,,,,,,,,,,,,,,,,,,,,,,,,,,,,,,,,,,,21.0,6.0,899.0,,,,,,,,,,,,,,,,,,,12.0,4.0,468.0,,,,7.0,4.0,594.0,,,,,,,,,,,,,,,,,,,,,,,,,,,,,,,,,,,,,,,,,,,,,,,,,,,,,,,,,,,,,,,,,,,,,,,,,,,,,,,,,,,,,,,,,,,,,,,,,,,,,,,,,,,,,,,,,,,,,,,,,,,,,,,,,,,,,,,,,,,,,,,,,,,,,,,,,,,,,,,,,,,,,,,,,,,,,,,,,,,,,,,,,,,,,,,,,13.0,3.0,492.0,,,,,,,,,,,,,,,,,,,,,,,,,,,,,,,,,,,,,,,,,,,,,,,,,,,,,,,,,,,,,,,,,,,5.0,4.0,93.0,,,,,,,,,,,,,,,,,,,,,,,,,,,,,,,,,,,,,,,,,,,,,,,,,,,,,,,,,,,,,,,,,,,24.0,3.0,1163.0,,,,,,,,,,,,,,,,,,,3.0,5.0,74.0,,,,,,,,,,,,,,,,,,,,,,,,,16.0,6.0,660.0,,,,,,,,,,,,,,,,,,,,,,,,,,,,,,,,,,,,,,,,9.0,3.0,78.0,,,,,,,,,,,,,,,,,,,,,,,,,,,,,,,,,,,,,8.0,6.0,398.0,,,,,,,,,,,,,,,,,,,,,,,,,,,,,,,,,,,,,6.0,4.0,143.0,,,,,,,,,,,,,,,,,,,30.0,4.0,603.0,36.0,7.0,2975.0,21.0,3.0,286.0,,,,,,,7.0,3.0,114.0,34.0,6.0,301.0,100.0,10.0,1601.0,,,,,,,,,,,,,,,,,,,,,,,,,8.0,5.0,103.0,,,,17.0,3.0,666.0,,,,,,
30081,Ravalli County,43,-114.11,46.08,6216.8,0.01,0.16,25.0,12.0,1155.0,,,,,,,,,,9.0,7.0,133.0,8.0,7.0,975.0,,,,,,,,,,2.0,3.0,139.0,43.0,3.0,4265.0,,,,,,,223.0,100.0,8525.0,45.0,8.0,2458.0,11.0,9.0,471.0,,,,,,,,,,297.0,68.0,11475.0,224.0,63.0,9271.0,124.0,58.0,4212.0,91.0,34.0,4210.0,,,,,,,,,,,,,,,,,,,,,,92.0,7.0,1378.0,,,,,,,,,,,,,119.0,12.0,4435.0,,,,,,,,,,,,,,,,104.0,3.0,3141.0,,,,,,,,,,,,,,,,,,,48.0,5.0,1932.0,51.0,7.0,2140.0,,,,83.0,11.0,3194.0,,,,,,,,,,,,,,,,,,,30.0,6.0,1233.0,,,,,,,42.0,8.0,897.0,,,,,,,60.0,17.0,3438.0,,,,,,,9.0,4.0,514.0,,,,26.0,8.0,1275.0,19.0,4.0,1014.0,,,,,,,,,,17.0,5.0,615.0,,,,,,,,,,,,,,,,32.0,27.0,1261.0,50.0,4.0,1952.0,,,,119.0,16.0,4347.0,21.0,3.0,651.0,16.0,7.0,596.0,23.0,7.0,733.0,196.0,13.0,6782.0,,,,573.0,17.0,12277.0,42.0,4.0,969.0,,,,126.0,12.0,5231.0,134.0,11.0,2486.0,28.0,4.0,358.0,,,,,,,72.0,11.0,865.0,,,,,,,72.0,4.0,1488.0,,,,21.0,5.0,269.0,19.0,5.0,326.0,11.0,5.0,810.0,43.0,13.0,2210.0,,,,44.0,11.0,2902.0,,,,29.0,3.0,2349.0,129.0,21.0,6130.0,23.0,13.0,788.0,,,,58.0,3.0,807.0,,,,,,,,,,,,,14.0,5.0,468.0,,,,,,,30.0,19.0,1173.0,,,,,,,,,,21.0,4.0,508.0,,,,19.0,3.0,325.0,,,,,,,42.0,6.0,2159.0,27.0,3.0,1960.0,,,,210.0,19.0,10269.0,,,,,,,6.0,3.0,1438.0,31.0,9.0,1511.0,,,,89.0,20.0,4014.0,96.0,15.0,2443.0,39.0,47.0,1899.0,28.0,17.0,761.0,,,,,,,,,,,,,,,,22.0,12.0,1092.0,98.0,29.0,2787.0,26.0,19.0,911.0,7.0,5.0,238.0,27.0,18.0,1942.0,43.0,30.0,4971.0,25.0,3.0,1616.0,,,,65.0,17.0,2595.0,,,,4.0,4.0,135.0,375.0,13.0,10508.0,26.0,4.0,694.0,,,,4.0,3.0,106.0,112.0,44.0,4252.0,4.0,4.0,112.0,,,,,,,12.0,3.0,274.0,293.0,4.0,8864.0,,,,,,,,,,32.0,8.0,374.0,,,,168.0,24.0,21493.0,111.0,18.0,4572.0,146.0,48.0,6219.0,79.0,5.0,3341.0,,,,34.0,4.0,1194.0,,,,,,,62.0,3.0,1797.0,119.0,5.0,2518.0,315.0,6.0,8386.0,,,,89.0,11.0,1967.0,,,,43.0,4.0,824.0,130.0,12.0,2528.0,,,,,,,,,,11.0,8.0,250.0,16.0,5.0,461.0,,,,40.0,8.0,873.0,278.0,26.0,6662.0,165.0,17.0,5556.0,,,,,,,,,,105.0,14.0,1576.0,764.0,62.0,10242.0,105.0,29.0,4123.0,9.0,3.0,244.0,9.0,4.0,269.0,,,,12.0,14.0,344.0,9.0,3.0,248.0,40.0,5.0,857.0,16.0,8.0,214.0,137.0,31.0,1837.0,18.0,4.0,375.0,24.0,6.0,1268.0,10.0,3.0,93.0,11.0,5.0,480.0
30083,Richland County,11,-88.09,38.71,5447.55,0.0,0.95,,,,,,,,,,,,,,,,,,,200.0,5.0,25921.0,,,,6.0,3.0,453.0,401.0,38.0,20464.0,,,,,,,,,,32.0,14.0,1724.0,43.0,4.0,2452.0,28.0,5.0,1885.0,,,,,,,,,,29.0,4.0,2518.0,45.0,8.0,2388.0,22.0,8.0,1047.0,124.0,13.0,9598.0,,,,,,,,,,,,,,,,,,,,,,,,,,,,,,,,,,,,,,,,,,,,,,,,,,,,,,,,,,,,,,,,,,,,,,,,,,,,,,,,,,,,,,,,,,,,,,,,,,,,,,,,,,,,,,,,,,,,,,,,,,,,,,,,,,,,,,,,,,,65.0,6.0,4141.0,,,,,,,,,,,,,,,,77.0,5.0,2932.0,,,,,,,,,,14.0,3.0,625.0,,,,70.0,3.0,3571.0,,,,35.0,6.0,1341.0,,,,,,,,,,22.0,4.0,968.0,31.0,5.0,1658.0,209.0,3.0,5018.0,,,,,,,,,,64.0,7.0,1831.0,17.0,4.0,200.0,,,,,,,14.0,3.0,292.0,,,,,,,,,,,,,,,,,,,,,,,,,,,,,,,,,,,,,21.0,10.0,1310.0,326.0,22.0,16202.0,,,,17.0,4.0,145.0,,,,,,,28.0,3.0,3877.0,,,,,,,,,,,,,,,,,,,,,,,,,,,,,,,,,,,,,,,,17.0,4.0,1208.0,,,,,,,71.0,6.0,5664.0,,,,,,,,,,16.0,6.0,1772.0,,,,40.0,13.0,1898.0,10.0,7.0,331.0,4.0,3.0,102.0,4.0,5.0,207.0,,,,,,,,,,,,,,,,12.0,4.0,738.0,37.0,7.0,1980.0,42.0,6.0,3224.0,,,,,,,22.0,11.0,1428.0,,,,,,,,,,,,,,,,,,,,,,,,,,,,31.0,8.0,963.0,,,,,,,,,,,,,,,,,,,,,,,,,7.0,3.0,30.0,,,,9.0,7.0,1326.0,,,,32.0,6.0,905.0,,,,,,,,,,31.0,6.0,1245.0,,,,,,,68.0,4.0,1512.0,,,,,,,11.0,5.0,430.0,,,,,,,26.0,5.0,396.0,,,,,,,,,,,,,,,,,,,20.0,4.0,616.0,29.0,3.0,706.0,90.0,7.0,1336.0,,,,,,,,,,54.0,11.0,890.0,385.0,30.0,5965.0,35.0,14.0,1782.0,,,,15.0,5.0,638.0,,,,,,,,,,,,,,,,49.0,18.0,1109.0,,,,,,,35.0,3.0,441.0,,,
30085,Roosevelt County,11,-104.97,48.31,6137.01,0.0,0.5,,,,,,,,,,,,,,,,,,,,,,,,,,,,53.0,9.0,3698.0,,,,14.0,3.0,1448.0,,,,16.0,6.0,544.0,,,,,,,,,,,,,,,,6.0,3.0,156.0,6.0,5.0,144.0,,,,,,,,,,,,,,,,,,,,,,,,,,,,,,,,,,,,,,,,,,,,,,,,,,,,,,,,,,,,,,,,,,,,,,,,,,,,,,,,,,,,,,,,,,,,,,,,,,,,,,,,,,,,,,,,,,,,,,,,,,,,,,,,,,,,,,,,,,,,,,,,,,,,,,,,,,,,,,,,,,,25.0,4.0,1438.0,,,,,,,,,,36.0,4.0,2794.0,,,,53.0,3.0,1803.0,,,,,,,,,,,,,,,,36.0,5.0,1258.0,,,,114.0,7.0,2390.0,,,,,,,,,,121.0,9.0,4624.0,,,,,,,,,,,,,,,,,,,,,,,,,,,,,,,,,,,,,,,,,,,,,,,,,,,,18.0,8.0,1307.0,,,,,,,,,,,,,,,,,,,,,,,,,,,,,,,,,,,,,,,,,,,,,,,,,,,,,,,,,,,,,,,,64.0,7.0,2580.0,,,,,,,,,,,,,,,,16.0,7.0,737.0,6.0,6.0,59.0,,,,,,,,,,,,,,,,,,,,,,,,,11.0,4.0,303.0,,,,,,,,,,,,,,,,,,,,,,,,,,,,,,,,,,,,,,,,18.0,6.0,435.0,,,,,,,,,,,,,,,,,,,,,,,,,,,,,,,,,,,,,,,,33.0,4.0,3735.0,,,,,,,,,,271.0,3.0,12775.0,,,,,,,,,,,,,,,,,,,,,,,,,,,,,,,,,,,,,,,,,,,69.0,6.0,1495.0,,,,16.0,3.0,324.0,,,,,,,,,,34.0,9.0,462.0,171.0,16.0,2662.0,15.0,6.0,520.0,,,,,,,,,,,,,,,,,,,,,,11.0,5.0,203.0,,,,,,,,,,,,
30087,Rosebud County,9,-106.63,46.39,13014.35,0.0,0.02,,,,,,,,,,,,,,,,,,,,,,,,,,,,,,,319.0,5.0,26455.0,,,,,,,,,,,,,,,,,,,,,,,,,,,,91.0,6.0,7111.0,,,,,,,,,,,,,,,,,,,,,,,,,,,,,,,,,,,,,,,,,,,,,,,,,,,,,,,,,,,,,,,,,,,,,,,,,,,,,,,,,,,,,,,,,,,,,,,,,,,,,,,,,,,,,,,,,,,,,,,,,,,,,,,,,,,,,,,,,,,,,,,,,,,,,,,,,,,,,,,,,,,,,,,,,,,,,,,,,,,,,,,,,,,9.0,4.0,264.0,,,,,,,,,,32.0,3.0,686.0,,,,122.0,6.0,2023.0,,,,,,,,,,71.0,4.0,1331.0,,,,,,,,,,,,,,,,,,,,,,,,,,,,,,,,,,,,,,,,,,,,,,,,,,,,,,,,,,,,,,,,,,,,,,,,,,,,,,,,,,,,,,,,,,,,,,,,,,,,,,,,,,,,,,,,,,,,,,44.0,6.0,1965.0,,,,,,,,,,,,,,,,6.0,3.0,332.0,5.0,3.0,120.0,,,,,,,,,,,,,,,,,,,,,,,,,,,,,,,,,,,,,,,,,,,,,,,,,,,,,,,,,,,,,,,,,,,16.0,9.0,443.0,,,,,,,,,,,,,,,,,,,,,,,,,,,,,,,,,,,,,,,,93.0,4.0,4753.0,,,,,,,,,,,,,,,,,,,,,,,,,68.0,4.0,2387.0,,,,,,,15.0,3.0,51.0,,,,,,,,,,,,,,,,,,,60.0,4.0,1317.0,16.0,3.0,164.0,50.0,6.0,392.0,,,,,,,,,,25.0,7.0,445.0,71.0,12.0,798.0,12.0,7.0,479.0,,,,,,,,,,,,,,,,,,,,,,14.0,9.0,241.0,,,,,,,,,,6.0,3.0,224.0
30089,Sanders County,12,-115.18,47.68,7225.68,0.0,0.08,34.0,11.0,1358.0,,,,,,,,,,,,,,,,,,,,,,,,,,,,44.0,5.0,3781.0,,,,,,,42.0,23.0,1345.0,,,,,,,,,,13.0,3.0,410.0,,,,,,,23.0,12.0,1281.0,1.0,3.0,44.0,17.0,10.0,745.0,,,,,,,,,,,,,,,,,,,,,,,,,,,,,,,,,,,,,39.0,3.0,1385.0,,,,,,,,,,,,,,,,,,,,,,,,,31.0,3.0,1278.0,,,,,,,,,,,,,,,,,,,,,,,,,,,,,,,,,,,,,,,,,,,,,,,,,,,,,,,,,,,,,,,,,,,,,,,,,,,,,,,,,,,,,,,,,,,,,,,,,,,,,,,,,,,,,,,,,,,,,,,,,,,,,,,49.0,7.0,1270.0,,,,134.0,9.0,2742.0,,,,6.0,3.0,82.0,24.0,3.0,903.0,71.0,9.0,1336.0,,,,,,,,,,,,,,,,,,,1.0,3.0,231.0,,,,,,,,,,,,,9.0,5.0,90.0,,,,20.0,6.0,770.0,,,,,,,6.0,3.0,147.0,20.0,6.0,976.0,,,,36.0,3.0,633.0,,,,,,,,,,,,,,,,,,,,,,,,,,,,,,,,,,,,,,,,,,,,,,,,,,,,,,,,,,36.0,4.0,1458.0,,,,,,,,,,,,,,,,13.0,5.0,452.0,8.0,4.0,129.0,8.0,6.0,483.0,4.0,3.0,123.0,,,,,,,,,,,,,,,,5.0,4.0,94.0,13.0,7.0,519.0,10.0,4.0,493.0,,,,1.0,3.0,44.0,9.0,9.0,570.0,,,,,,,17.0,4.0,465.0,,,,,,,,,,,,,,,,,,,7.0,5.0,238.0,,,,4.0,3.0,130.0,,,,,,,56.0,3.0,1920.0,,,,,,,,,,,,,,,,14.0,4.0,829.0,22.0,3.0,890.0,17.0,6.0,715.0,70.0,4.0,2633.0,,,,,,,58.0,5.0,266.0,,,,,,,,,,,,,53.0,6.0,1622.0,40.0,5.0,562.0,,,,,,,9.0,4.0,122.0,,,,,,,,,,,,,,,,,,,,,,7.0,4.0,429.0,179.0,10.0,3545.0,,,,,,,,,,41.0,8.0,575.0,223.0,25.0,2871.0,25.0,6.0,968.0,,,,,,,,,,,,,,,,,,,,,,31.0,7.0,695.0,,,,,,,,,,,,
30091,Sheridan County,3,-100.46,39.35,4419.38,0.0,0.0,,,,,,,,,,,,,,,,,,,,,,,,,,,,36.0,12.0,1881.0,,,,,,,,,,2.0,5.0,222.0,,,,,,,,,,,,,,,,,,,,,,,,,4.0,3.0,105.0,,,,,,,,,,,,,,,,,,,,,,,,,,,,,,,,,,,,,,,,,,,,,,,,,,,,,,,,,,,,,,,,,,,,,,,,,,,,,,,,,,,,,,,,,,,,,,,,,,,,,,,,,,,,,,,,,,,,,,,,,,,,,,,,,,,,,,,,,,,,,,,,,,,,,,,,,,,,,,,,,,,,,,,,,3.0,3.0,65.0,,,,,,,,,,18.0,3.0,931.0,,,,,,,,,,,,,,,,,,,,,,,,,,,,33.0,4.0,819.0,,,,,,,,,,,,,,,,,,,,,,,,,,,,,,,,,,,,,,,,,,,,,,,,,,,,10.0,5.0,410.0,,,,,,,,,,,,,,,,,,,,,,,,,,,,,,,,,,,,,,,,,,,,,,,,,,,,,,,,,,,,,,,,33.0,4.0,1705.0,,,,,,,,,,,,,,,,20.0,7.0,1166.0,,,,,,,,,,,,,,,,,,,,,,,,,,,,17.0,5.0,867.0,,,,,,,,,,,,,,,,,,,,,,,,,,,,,,,,,,,,,,,,4.0,4.0,39.0,,,,,,,,,,,,,,,,,,,,,,,,,,,,,,,,,,,,,,,,,,,,,,,,,,,,,,,,,,,,,,,,,,,,,,,,,,,,,,,,,,,,,,,,,,,,,,,,,,,,,,,,,,,,,,,,,,,43.0,7.0,516.0,81.0,10.0,723.0,11.0,5.0,292.0,,,,7.0,3.0,265.0,,,,,,,,,,,,,,,,21.0,9.0,215.0,,,,,,,,,,,,
30093,Silver Bow County,35,-112.68,45.9,1861.06,0.02,0.04,,,,,,,,,,,,,,,,,,,,,,,,,,,,,,,587.0,4.0,64277.0,,,,,,,59.0,27.0,2117.0,86.0,10.0,4871.0,28.0,4.0,1903.0,,,,,,,,,,66.0,14.0,2840.0,122.0,27.0,6727.0,41.0,10.0,1736.0,109.0,16.0,7682.0,,,,,,,,,,,,,,,,,,,,,,73.0,4.0,2269.0,,,,,,,,,,,,,,,,22.0,5.0,585.0,,,,,,,,,,,,,,,,,,,,,,,,,,,,261.0,3.0,8291.0,,,,,,,,,,,,,,,,15.0,3.0,963.0,,,,,,,,,,,,,,,,,,,,,,9.0,4.0,438.0,10.0,3.0,795.0,47.0,3.0,3339.0,,,,18.0,3.0,612.0,,,,,,,17.0,4.0,1299.0,,,,18.0,5.0,1423.0,15.0,4.0,659.0,,,,,,,,,,177.0,4.0,7364.0,,,,,,,,,,,,,25.0,3.0,1234.0,37.0,3.0,698.0,189.0,6.0,7927.0,57.0,5.0,2316.0,127.0,7.0,4728.0,,,,21.0,7.0,1050.0,43.0,5.0,1814.0,134.0,10.0,6268.0,49.0,4.0,1760.0,198.0,6.0,6898.0,37.0,3.0,1020.0,,,,84.0,11.0,2619.0,354.0,18.0,7670.0,34.0,10.0,468.0,,,,23.0,4.0,690.0,58.0,7.0,1104.0,,,,,,,392.0,5.0,9723.0,,,,35.0,5.0,810.0,71.0,6.0,1448.0,81.0,16.0,2439.0,6.0,3.0,37.0,,,,19.0,7.0,640.0,,,,,,,177.0,15.0,10344.0,56.0,4.0,3167.0,,,,,,,1.0,3.0,94.0,,,,,,,,,,,,,,,,9.0,3.0,557.0,,,,88.0,4.0,3807.0,,,,,,,,,,,,,,,,,,,51.0,5.0,2890.0,59.0,7.0,3467.0,,,,,,,177.0,18.0,8490.0,35.0,8.0,1056.0,,,,,,,16.0,8.0,2235.0,,,,79.0,22.0,4411.0,47.0,16.0,1038.0,22.0,16.0,954.0,31.0,13.0,934.0,17.0,4.0,366.0,32.0,5.0,1271.0,,,,,,,,,,38.0,14.0,3372.0,89.0,17.0,4608.0,174.0,24.0,14440.0,,,,48.0,7.0,2421.0,78.0,18.0,3537.0,16.0,4.0,642.0,,,,49.0,4.0,1656.0,260.0,8.0,15133.0,9.0,4.0,697.0,98.0,5.0,2549.0,14.0,6.0,2589.0,,,,44.0,6.0,961.0,91.0,27.0,2299.0,6.0,3.0,299.0,,,,,,,53.0,7.0,2575.0,67.0,3.0,1555.0,,,,,,,,,,39.0,5.0,251.0,,,,195.0,19.0,22158.0,119.0,20.0,5148.0,75.0,36.0,2789.0,266.0,8.0,10535.0,,,,81.0,7.0,2847.0,44.0,4.0,2760.0,,,,400.0,5.0,11578.0,170.0,23.0,4254.0,176.0,5.0,4357.0,,,,429.0,17.0,7665.0,21.0,5.0,794.0,50.0,3.0,1670.0,148.0,20.0,2744.0,22.0,3.0,193.0,,,,,,,12.0,4.0,321.0,,,,,,,122.0,19.0,2478.0,190.0,14.0,1960.0,564.0,18.0,8587.0,3.0,3.0,101.0,,,,14.0,5.0,806.0,174.0,34.0,1996.0,1447.0,73.0,21983.0,111.0,19.0,4764.0,5.0,3.0,92.0,6.0,5.0,257.0,,,,24.0,10.0,589.0,19.0,5.0,729.0,,,,,,,69.0,15.0,1170.0,13.0,3.0,615.0,22.0,8.0,853.0,7.0,3.0,32.0,72.0,11.0,1492.0
30095,Stillwater County,10,-109.36,45.65,4676.92,0.0,0.24,,,,,,,,,,,,,,,,,,,,,,,,,,,,5.0,4.0,286.0,9.0,4.0,877.0,,,,5.0,3.0,85.0,19.0,9.0,729.0,,,,,,,,,,,,,,,,7.0,5.0,400.0,25.0,8.0,1410.0,8.0,4.0,250.0,33.0,14.0,1786.0,,,,,,,,,,,,,,,,,,,,,,,,,,,,,,,,,,,,,,,,,,,,,,,,,,,,,,,,,,,,,,,,10.0,3.0,179.0,,,,,,,,,,6.0,3.0,268.0,,,,,,,,,,,,,,,,,,,,,,,,,,,,,,,,,,,,,,,,,,,,,,,,,,,,,,,,,,,,,,,,,,,,,,,,,,,,,,,,,,,,,,,,,,,,,,,,,,,,,,,,,,,,,,,,,,,,,,,,,,,,,,,,,,,,,84.0,5.0,1661.0,,,,,,,,,,,,,,,,,,,,,,,,,,,,,,,,,,,,,,,,,,,,,,,,,,,,10.0,3.0,441.0,,,,,,,,,,,,,,,,,,,,,,,,,,,,,,,,,,,,,,,,,,,,,,,,,,,,,,,,,,,,,,,,32.0,6.0,2224.0,,,,,,,,,,,,,,,,13.0,3.0,538.0,,,,10.0,5.0,275.0,,,,,,,,,,,,,,,,,,,7.0,3.0,428.0,4.0,6.0,169.0,4.0,3.0,163.0,,,,,,,32.0,8.0,3273.0,,,,,,,17.0,5.0,713.0,,,,,,,,,,,,,,,,,,,17.0,7.0,351.0,6.0,3.0,182.0,,,,,,,,,,,,,,,,,,,,,,,,,,,,,,,,,,,,,,,,,,,,,,,,,,,,,,,,,,,,,,,,10.0,3.0,108.0,,,,,,,19.0,3.0,127.0,,,,,,,,,,,,,25.0,3.0,1539.0,,,,,,,5.0,6.0,200.0,19.0,3.0,348.0,,,,,,,,,,30.0,5.0,446.0,144.0,14.0,2075.0,10.0,5.0,643.0,,,,,,,,,,,,,,,,,,,,,,24.0,11.0,592.0,,,,,,,,,,25.0,3.0,181.0
30097,Sweet Grass County,4,-109.95,45.87,4823.77,0.0,0.0,,,,,,,,,,,,,,,,,,,,,,,,,,,,,,,,,,,,,,,,31.0,17.0,1104.0,,,,,,,,,,,,,,,,12.0,4.0,658.0,19.0,6.0,551.0,2.0,3.0,73.0,22.0,3.0,997.0,,,,,,,,,,,,,,,,,,,,,,,,,,,,,,,,,,,,,,,,,,,,,,,,,,,,,,,,,,,,,,,,,,,,,,,,,,,,,,,,,,,,,,,,,,,,,,,,,,,,,,,,,,,,,,,,,,,,,,,,,,,,,,,,,,,,,,,,,,,,,,,,,,,,,,,,,,,,,,,,,,,,,,,,,,,,,,,,,,,,,,,,,,,,,,,,,,,,,,,,,,,,,,,,,,,59.0,3.0,1280.0,,,,,,,,,,,,,,,,,,,,,,,,,,,,,,,7.0,3.0,236.0,,,,,,,,,,,,,,,,22.0,3.0,847.0,17.0,3.0,1169.0,,,,,,,,,,,,,,,,,,,,,,,,,,,,,,,,,,,,,,,,,,,,,,,,,,,,,,,,,,,,,,,,31.0,4.0,1551.0,,,,,,,,,,,,,,,,,,,,,,3.0,6.0,267.0,,,,,,,,,,,,,,,,,,,4.0,4.0,381.0,4.0,3.0,61.0,,,,,,,,,,,,,,,,,,,,,,,,,,,,,,,,,,,,,,,,6.0,6.0,257.0,,,,,,,,,,,,,,,,,,,,,,,,,,,,,,,,,,,,,,,,,,,,,,,,,,,,,,,,,,,,,,,,,,,,,,,,,,,,,,,,,,,,,,,,,,,,,,,,,,,,18.0,7.0,343.0,22.0,5.0,510.0,4.0,3.0,565.0,,,,,,,,,,103.0,10.0,1703.0,16.0,4.0,580.0,,,,,,,,,,,,,,,,,,,6.0,3.0,111.0,16.0,5.0,203.0,,,,,,,,,,,,
30099,Teton County,6,-112.26,47.85,5936.2,0.0,0.0,,,,,,,,,,29.0,5.0,1301.0,,,,,,,,,,,,,,,,,,,24.0,4.0,2402.0,,,,,,,22.0,14.0,777.0,,,,,,,,,,,,,,,,14.0,9.0,476.0,11.0,3.0,470.0,7.0,3.0,183.0,14.0,5.0,252.0,,,,,,,,,,,,,,,,,,,,,,,,,,,,,,,,,,,,,,,,,,,,,,,,,,,,,,,,,,,,,,,,,,,,,,,,,,,,,,,,,,,,,,,,,,,,,,,,,,,,,,,,,,,,,,,,,,,,,,,,,,,,,,,,,,,,,,,,,,,16.0,4.0,748.0,,,,,,,,,,,,,,,,11.0,3.0,560.0,,,,,,,,,,27.0,4.0,1358.0,,,,17.0,3.0,396.0,,,,,,,,,,,,,,,,17.0,4.0,288.0,15.0,4.0,820.0,,,,,,,,,,,,,36.0,6.0,1145.0,,,,,,,,,,,,,,,,,,,,,,,,,,,,,,,,,,,,,,,,,,,,,,,,,7.0,7.0,275.0,9.0,6.0,317.0,,,,,,,,,,,,,,,,,,,,,,,,,,,,,,,,,,,,,,,,,,,,,,,,,,,,,,,,,,,,,,,,47.0,5.0,2432.0,,,,,,,,,,,,,,,,27.0,7.0,1098.0,14.0,4.0,259.0,,,,,,,,,,,,,,,,,,,,,,5.0,3.0,192.0,,,,,,,,,,,,,,,,,,,,,,18.0,5.0,531.0,,,,,,,,,,,,,,,,,,,3.0,3.0,209.0,,,,,,,,,,,,,,,,,,,,,,,,,,,,,,,,,,,,,17.0,6.0,498.0,,,,,,,,,,,,,,,,,,,,,,,,,,,,95.0,3.0,1412.0,,,,,,,,,,,,,,,,,,,,,,,,,,,,,,,3.0,7.0,258.0,,,,,,,,,,,,,36.0,4.0,241.0,59.0,9.0,592.0,,,,,,,,,,,,,,,,,,,,,,,,,47.0,16.0,611.0,,,,3.0,4.0,175.0,,,,,,
30101,Toole County,5,-111.73,48.68,5039.28,0.0,0.0,,,,,,,,,,,,,,,,,,,53.0,13.0,2190.0,,,,,,,21.0,5.0,702.0,,,,,,,,,,,,,,,,,,,,,,,,,,,,,,,4.0,3.0,162.0,,,,,,,,,,,,,,,,,,,,,,,,,,,,,,,,,,,,,,,,,,,,,,,,,,,,,,,,,,,,,,,,,,,,,,,,,,,,,,,,,,,,,,,,,,,,,,,,,,,,,,,,,,,,,,,,,,,,,,,,,,,,,,,,,,,,,,,,,,,,,,,,,,,,,,,,,,,,,,,,,,,38.0,4.0,2289.0,,,,,,,,,,,,,,,,,,,,,,,,,,,,,,,,,,,,,,,,,,,,,,,,,,,,61.0,5.0,1918.0,,,,,,,,,,,,,,,,,,,,,,,,,,,,,,,,,,,,,,,,,,,,,,,,,55.0,6.0,3183.0,,,,,,,,,,,,,,,,,,,,,,,,,16.0,3.0,589.0,,,,28.0,4.0,1300.0,,,,,,,,,,,,,,,,,,,,,,,,,,,,,,,,,,24.0,3.0,1267.0,,,,,,,,,,,,,,,,20.0,5.0,988.0,10.0,7.0,128.0,,,,,,,,,,,,,,,,,,,,,,,,,16.0,4.0,767.0,,,,,,,,,,,,,,,,,,,,,,,,,,,,,,,,,,,,,,,,,,,,,,,,,,,,,,,,,,,,,,,,,,,,,,,,,,,,,,,11.0,3.0,254.0,78.0,3.0,4004.0,,,,,,,,,,,,,,,,,,,,,,,,,,,,,,,,,,,,,,,,,,,,,,,,,,,,,,,13.0,3.0,441.0,,,,72.0,3.0,1081.0,,,,,,,,,,22.0,5.0,212.0,125.0,9.0,1382.0,,,,,,,,,,,,,,,,,,,,,,,,,12.0,5.0,128.0,,,,,,,,,,,,
30105,Valley County,7,-98.98,41.56,13109.48,0.0,0.0,,,,,,,,,,,,,,,,,,,,,,,,,,,,7.0,3.0,461.0,,,,,,,,,,8.0,7.0,423.0,11.0,4.0,515.0,3.0,3.0,489.0,,,,,,,,,,12.0,7.0,393.0,39.0,8.0,1757.0,,,,,,,,,,,,,,,,,,,,,,,,,,,,,,,,,,,,,,,,,,,,,,,,,,,,,,,,,,,,,,,,,,,,,,,,,,,,,,,,,,,,,,,,,,,,,,,,,,,,,,,,,,,,,,,,,,,,,,,,,,,,,,,,,,,,,,,,,,,,,,,,,65.0,3.0,4470.0,,,,,,,,,,,,,,,,,,,,,,,,,,,,,,,,,,14.0,3.0,402.0,,,,28.0,6.0,807.0,9.0,3.0,161.0,,,,,,,28.0,5.0,1006.0,,,,92.0,3.0,2803.0,,,,,,,,,,38.0,5.0,1093.0,5.0,3.0,153.0,,,,,,,,,,,,,,,,,,,,,,,,,,,,,,,,,,,,,,,,,,,,,,,,,6.0,4.0,328.0,,,,,,,,,,,,,,,,,,,,,,,,,,,,,,,,,,,,,,,,,,,,,,,,,,,,,,,,,,,,,,,,66.0,6.0,3599.0,,,,,,,,,,,,,,,,14.0,4.0,1036.0,11.0,5.0,202.0,,,,,,,,,,,,,,,,,,,,,,17.0,5.0,943.0,21.0,5.0,1028.0,,,,,,,,,,,,,,,,,,,,,,,,,,,,,,,,,,,,,,,,21.0,6.0,270.0,,,,,,,,,,,,,,,,,,,,,,,,,,,,,,,58.0,4.0,5693.0,16.0,4.0,663.0,13.0,6.0,357.0,,,,,,,,,,,,,,,,,,,20.0,3.0,545.0,,,,,,,77.0,4.0,1122.0,,,,,,,,,,,,,,,,,,,,,,,,,,,,,,,8.0,4.0,209.0,145.0,6.0,2622.0,,,,,,,,,,49.0,9.0,435.0,222.0,17.0,2898.0,22.0,8.0,806.0,,,,,,,,,,30.0,3.0,261.0,,,,,,,,,,38.0,8.0,626.0,,,,,,,11.0,3.0,69.0,5.0,3.0,139.0
30107,Wheatland County,2,-109.85,46.43,3696.89,0.0,0.0,,,,,,,,,,,,,,,,,,,,,,,,,,,,,,,,,,,,,,,,,,,,,,,,,,,,,,,,,,,,,,,,,,,,,,,,,,,,,,,,,,,,,,,,,,,,,,,,,,,,,,,,,,,,,,,,,,,,,,,,,,,,,,,,,,,,,,,,,,,,,,,,,,,,,,,,,,,,,,,,,,,,,,,,,,,,,,,,,,,,,,,,,,,,,,,,,,,,,,,,,,,,,,,,,,,,,,,,,,,,,,,,,,,,,,,,,,,,,,,,,,,,,,,,,,,,,,,,,,,,,,,,,,,,,,,,,,,,,,,,,,,,,,,,,,,,,,,,,,,,,,,,,,,,,,,,,,,,,,,,,,,,,,,,,,,,,,6.0,3.0,365.0,,,,,,,,,,,,,,,,,,,,,,,,,,,,,,,,,,,,,,,,,,,,,,,,,,,,,,,,,,,,,,,,,,,,,,,,,,,,,,,,,,,,,,,,,,,,,,,,,,,,,,,,,,,,,,,,,,,,,,,,,,,,,,,,,,,,,15.0,3.0,486.0,,,,,,,,,,,,,,,,,,,,,,,,,,,,,,,,,,,,,,,,,,,,,,,,,,,,,,,,,,,,,,,,,,,,,,,,,,,,,,,,,,,,,,,,,,,,,,,,,,,,,,,,,,,,,,,,,,,,,,,,,,,,2.0,3.0,33.0,,,,,,,,,,12.0,4.0,248.0,7.0,3.0,97.0,,,,,,,,,,,,,,,,,,,,,,,,,,,,,,,,,,,,,,,
30109,Wibaux County,1,-104.22,46.91,2305.63,0.0,0.0,,,,,,,,,,,,,,,,,,,,,,,,,,,,,,,,,,,,,,,,,,,,,,,,,,,,,,,,,,,,,,,,,,,,,,,,,,,,,,,,,,,,,,,,,,,,,,,,,,,,,,,,,,,,,,,,,,,,,,,,,,,,,,,,,,,,,,,,,,,,,,,,,,,,,,,,,,,,,,,,,,,,,,,,,,,,,,,,,,,,,,,,,,,,,,,,,,,,,,,,,,,,,,,,,,,,,,,,,,,,,,,,,,,,,,,,,,,,,,,,,,,,,,,,,,,,,,,,,,,,,,,,,,,,,,,,,,,,,,,,,,,,,,,,,,,,,,,,,,,,,,,,,,,,,,,,,,,,,,,,,,,,,,,,,,,,,,13.0,3.0,953.0,,,,,,,,,,,,,,,,,,,,,,,,,,,,,,,,,,,,,,,,,,,,,,,,,,,,,,,,,,,,,,,,,,,,,,,,,,,,,,,,,,,,,,,,,,,,,,,,,,,,,,,,,,,,,,,,,,,,,,,,,,,,,,,,,,,,,,,,,,,,,,,,,,,,,,,,,,,,,,,,,,,,,,,,,,,,,,,,,,,,,,,,,,,,,,,,,,,,,,,,,,,,,,,,,,,,,,,,,,,,,,,,,,,,,,,,,,,,,,,,,,,,,,,,,,,,,,,,,,,,,,,,,,,,,,,,,,35.0,4.0,353.0,,,,,,,,,,,,,,,,,,,,,,,,,,,,,,,,,,,,,,,
30111,Yellowstone County,160,-108.28,45.96,6860.49,0.02,0.93,,,,,,,,,,9.0,3.0,708.0,40.0,6.0,866.0,,,,121.0,20.0,14842.0,,,,20.0,3.0,493.0,65.0,23.0,6380.0,231.0,7.0,22942.0,,,,,,,454.0,190.0,20720.0,822.0,31.0,76466.0,482.0,27.0,44472.0,13.0,6.0,490.0,362.0,17.0,31274.0,29.0,4.0,1533.0,709.0,134.0,40263.0,1047.0,140.0,67568.0,370.0,108.0,15830.0,1121.0,77.0,53146.0,20.0,3.0,1023.0,,,,114.0,3.0,6498.0,,,,29.0,4.0,1009.0,172.0,4.0,9662.0,,,,59.0,9.0,1015.0,68.0,7.0,2143.0,,,,,,,67.0,3.0,3331.0,104.0,4.0,3227.0,151.0,15.0,5471.0,1143.0,4.0,134695.0,54.0,3.0,4858.0,,,,,,,67.0,5.0,2379.0,13.0,3.0,471.0,,,,62.0,7.0,2842.0,,,,,,,,,,266.0,14.0,13619.0,151.0,10.0,8346.0,,,,60.0,6.0,2867.0,53.0,3.0,2857.0,,,,,,,,,,15.0,4.0,608.0,,,,68.0,10.0,2751.0,46.0,6.0,1732.0,67.0,8.0,2423.0,81.0,6.0,4528.0,446.0,29.0,23127.0,45.0,6.0,2531.0,334.0,25.0,23370.0,143.0,27.0,8363.0,39.0,4.0,2425.0,172.0,19.0,12745.0,321.0,18.0,21440.0,921.0,79.0,62176.0,182.0,15.0,8264.0,128.0,5.0,5517.0,35.0,5.0,1391.0,,,,783.0,21.0,44555.0,62.0,6.0,3126.0,123.0,11.0,8895.0,303.0,12.0,22859.0,178.0,4.0,8496.0,95.0,14.0,6398.0,343.0,38.0,15437.0,1033.0,61.0,62143.0,309.0,20.0,15365.0,509.0,49.0,19837.0,145.0,21.0,5888.0,228.0,21.0,7870.0,227.0,23.0,7854.0,965.0,54.0,39684.0,157.0,18.0,4238.0,906.0,18.0,27163.0,87.0,14.0,1610.0,129.0,9.0,3159.0,433.0,44.0,16762.0,668.0,60.0,14822.0,526.0,51.0,8277.0,85.0,15.0,1777.0,58.0,9.0,2275.0,769.0,48.0,19269.0,39.0,5.0,469.0,360.0,4.0,6310.0,1780.0,14.0,55055.0,56.0,5.0,1257.0,106.0,17.0,1849.0,127.0,16.0,2257.0,298.0,43.0,10275.0,89.0,21.0,3539.0,5.0,3.0,59.0,93.0,28.0,4055.0,207.0,6.0,9077.0,181.0,6.0,14403.0,606.0,78.0,35894.0,699.0,64.0,36373.0,40.0,5.0,639.0,169.0,4.0,2828.0,,,,23.0,3.0,3805.0,,,,,,,208.0,5.0,8576.0,30.0,6.0,1412.0,88.0,18.0,3397.0,224.0,17.0,10691.0,837.0,10.0,36966.0,34.0,3.0,1037.0,129.0,3.0,4797.0,193.0,8.0,9143.0,168.0,3.0,11377.0,94.0,8.0,609.0,,,,113.0,9.0,5992.0,674.0,41.0,35847.0,26.0,3.0,1643.0,3.0,4.0,224.0,2361.0,67.0,164185.0,180.0,35.0,15269.0,36.0,14.0,1367.0,128.0,22.0,25461.0,181.0,48.0,17042.0,88.0,16.0,7481.0,873.0,120.0,53283.0,258.0,91.0,8183.0,198.0,150.0,10144.0,311.0,67.0,14085.0,101.0,13.0,3392.0,40.0,13.0,1211.0,38.0,4.0,1554.0,54.0,12.0,4095.0,100.0,6.0,8911.0,607.0,116.0,39995.0,550.0,104.0,26566.0,1275.0,112.0,125605.0,12.0,8.0,376.0,244.0,44.0,13889.0,456.0,97.0,27110.0,,,,121.0,21.0,4524.0,382.0,46.0,14420.0,259.0,20.0,19324.0,150.0,18.0,6241.0,910.0,29.0,19949.0,146.0,27.0,5471.0,33.0,9.0,1170.0,378.0,16.0,6293.0,862.0,170.0,27413.0,456.0,16.0,14793.0,66.0,4.0,3501.0,15.0,4.0,856.0,136.0,13.0,8885.0,246.0,9.0,6245.0,454.0,3.0,10919.0,27.0,3.0,2263.0,31.0,6.0,966.0,188.0,29.0,1925.0,10.0,5.0,289.0,3125.0,60.0,382320.0,763.0,91.0,40720.0,573.0,130.0,24135.0,630.0,32.0,32646.0,86.0,12.0,3737.0,441.0,15.0,10774.0,319.0,13.0,12082.0,,,,582.0,8.0,19616.0,736.0,51.0,24522.0,1362.0,21.0,33769.0,370.0,6.0,11722.0,1019.0,66.0,26498.0,71.0,7.0,1846.0,384.0,6.0,5270.0,581.0,79.0,10820.0,84.0,5.0,877.0,6.0,3.0,220.0,47.0,7.0,747.0,13.0,9.0,347.0,77.0,9.0,2143.0,29.0,5.0,280.0,521.0,57.0,13122.0,1056.0,78.0,16229.0,1164.0,55.0,21056.0,,,,,,,422.0,25.0,8700.0,536.0,50.0,8042.0,7237.0,303.0,117853.0,903.0,155.0,39155.0,21.0,10.0,555.0,156.0,32.0,9014.0,37.0,14.0,1131.0,368.0,71.0,8559.0,68.0,9.0,2226.0,212.0,11.0,5981.0,125.0,25.0,2849.0,829.0,116.0,17928.0,113.0,19.0,5585.0,87.0,25.0,4686.0,164.0,26.0,4528.0,173.0,29.0,4990.0
